101757523  |1.19||1.19||1.19||1.19||1.19||1.19||1.19||1.19||1.18||1.17||1.17||1.17||1.16||0.83|===|1.22||1.22||1.22||1.22||1.22||1.22||1.22||1.22||1.22||1.22||1.22||1.22||1.22||1.61||5|<===>|51||44||42||38||33||13||10||2||16||42||10||7||11||21|===|68||58||29||23||23||20||14||10||10||10||10||7||1||21||11|   |90||72||69||81||66||78||87||67||84||88||77||65||73||74||72||90||81||69||67||88||78||73||77||65||87||66||84||74||80|    )14, 15, 74, 1
101757676  |1.19||1.19||1.19||1.19||1.19||1.19||1.19||1.19||1.18||1.17||1.17||1.17||1.16||0.83|===|1.22||1.22||1.22||1.22||1.22||1.22||1.22||1.22||1.22||1.22||1.22||1.22||1.22||1.61||5|<===>|51||44||40||38||33||13||10||2||16||42||10||7||11||21|===|68||58||29||23||23||20||14||10||10||10||10||7||1||21||11|   |90||72||69||81||66||78||87||67||84||88||77||65||73||74||72||90||81||69||67||88||78||73||77||65||87||66||84||74||80|    )14, 15, 69, 17
101757677  |1.19||1.19||1.19||1.19||1.19||1.19||1.19||1.19||1.18||1.17||1.17||1.17||1.16||0.83|===|1.22||1.22||1.22||1.22||1.22||1.22||1.22||1.22||1.22||1.22||1.22||1.22||1.22||1.61||5|<===>|51||44||38||33||16||13||10||2||16||42||10||7||11||21|===|68||58||29||23||23||20||14||10||10||10||10||7||1||21||11|   |90||72||81||66||69||78||87||67||84||88||77||65||73||74||72||90||81||69||67||88||78||73||77||65||87||66||84||74||80|    )14, 15, 69, 17
101757677  |1.19||1.19||1.19||1.19||1.19||1.19||1.19||1.19||1.18||1.17||1.17||1.17||1.16||0.83|===|1.21||1.22||1.22||1.22||1.22||1.22||1.22||1.22||1.22||1.22||1.22||1.22||1.22||1.61||5|<===>|51||44||38||33||16||13||10||2||16||42||10||7||11||21|===|1||68||58||23||23||20||14||10||10||10||10||7||1||21||11|   |90||72||81||66||69||78||87||67||84||88||77||65||73||74||81||72||90||69||67||88||78||73||77||65||87||66||84||74||80|    )14, 15, 81, 204
101757680  |1.19||1.19||1.19||1.19||1.19||1.19||1.19||1.19||1.18||1.17||1.17||1.17||1.16||0.83|===|1.21||1.22||1.22||1.22||1.22||1.22||1.22||1.22||1.22||1.22||1.22||1.22||1.25||1.61||5|<===>|51||44||38||33||16||13||10||2||16||42||10||7||11||21|===|1||68||58||23||23||20||14||10||10||10||7||1||7||21||11|   |90||72||81||66||69||78||87||67||84||88||77||65||73||74||81||72||90||69||67||88||78||73||77||87||66||84||65||74||80|    )14, 15, 65, 12
101757680  |1.19||1.19||1.19||1.19||1.19||1.19||1.19||1.19||1.18||1.17||1.17||1.17||1.16||0.83|===|1.21||1.22||1.22||1.22||1.22||1.22||1.22||1.22||1.22||1.22||1.22||1.22||1.25||1.61||5|<===>|51||44||38||33||16||13||10||2||16||42||10||7||11||21|===|1||58||52||23||23||20||14||10||10||10||7||1||7||21||11|   |90||72||81||66||69||78||87||67||84||88||77||65||73||74||81||90||72||69||67||88||78||73||77||87||66||84||65||74||80|    )14, 15, 72, 4
101757718  |1.19||1.19||1.19||1.19||1.19||1.19||1.19||1.18||1.18||1.17||1.17||1.17||1.16||0.83|===|1.21||1.22||1.22||1.22||1.22||1.22||1.22||1.22||1.22||1.22||1.22||1.22||1.25||1.61||5|<===>|51||44||38||33||13||10||2||24||16||42||10||7||11||21|===|1||58||52||23||20||14||10||10||10||7||7||1||7||21||11|   |90||72||81||66||78||87||67||69||84||88||77||65||73||74||81||90||72||67||88||78||73||77||87||69||66||84||65||74||80|    )14, 15, 69, 23
101757719  |1.19||1.19||1.19||1.19||1.19||1.19||1.19||1.18||1.18||1.17||1.17||1.17||1.16||0.83|===|1.21||1.22||1.22||1.22||1.22||1.22||1.22||1.22||1.22||1.22||1.22||1.22||1.25||1.61||5|<===>|51||44||38||33||13||10||2||26||16||42||10||7||11||21|===|1||58||52||23||20||14||10||10||10||7||7||1||7||21||11|   |90||72||81||66||78||87||67||69||84||88||77||65||73||74||81||90||72||67||88||78||73||77||87||69||66||84||65||74||80|    )14, 15, 69, 1
101757721  |1.19||1.19||1.19||1.19||1.19||1.19||1.19||1.18||1.18||1.17||1.17||1.17||1.16||0.83|===|1.22||1.22||1.22||1.22||1.22||1.22||1.22||1.22||1.22||1.22||1.22||1.22||1.25||1.61||5|<===>|51||44||38||33||13||10||2||26||16||42||10||7||11||21|===|58||52||29||23||20||14||10||10||10||7||7||1||7||21||11|   |90||72||81||66||78||87||67||69||84||88||77||65||73||74||90||72||81||67||88||78||73||77||87||69||66||84||65||74||80|    )14, 15, 81, 204
101757721  |1.19||1.19||1.19||1.19||1.19||1.19||1.19||1.19||1.18||1.17||1.17||1.17||1.16||0.83|===|1.22||1.22||1.22||1.22||1.22||1.22||1.22||1.22||1.22||1.22||1.22||1.22||1.25||1.61||5|<===>|51||44||38||33||13||10||2||2||16||42||10||7||11||21|===|58||52||29||23||20||14||10||10||10||7||7||1||7||21||11|   |90||72||81||66||78||87||69||67||84||88||77||65||73||74||90||72||81||67||88||78||73||77||87||69||66||84||65||74||80|    )14, 15, 69, 19
101757722  |1.19||1.19||1.19||1.19||1.19||1.19||1.19||1.19||1.18||1.17||1.17||1.17||1.16||0.83|===|1.22||1.22||1.22||1.22||1.22||1.22||1.22||1.22||1.22||1.22||1.22||1.22||1.25||1.61||5|<===>|51||44||38||33||13||10||2||2||16||42||10||7||11||21|===|58||52||29||20||14||10||10||10||7||7||7||1||7||21||11|   |90||72||81||66||78||87||67||69||84||88||77||65||73||74||90||72||81||88||78||73||77||87||67||69||66||84||65||74||80|    )14, 15, 67, 68
101757722  |1.19||1.19||1.19||1.19||1.19||1.19||1.19||1.19||1.18||1.17||1.17||1.17||1.16||0.83|===|1.22||1.22||1.22||1.22||1.22||1.22||1.22||1.22||1.22||1.22||1.22||1.22||1.25||1.61||5|<===>|51||44||38||33||26||13||10||2||16||42||10||7||11||21|===|58||52||29||20||14||10||10||10||7||7||7||1||7||21||11|   |90||72||81||66||69||78||87||67||84||88||77||65||73||74||90||72||81||88||78||73||77||87||69||67||66||84||65||74||80|    )14, 15, 69, 17
101757808  |1.19||1.19||1.19||1.19||1.19||1.19||1.19||1.19||1.18||1.17||1.17||1.17||1.16||0.83|===|1.22||1.22||1.22||1.22||1.22||1.22||1.22||1.22||1.22||1.22||1.22||1.25||1.3||1.61||5|<===>|51||44||38||33||26||13||10||2||16||42||10||7||11||21|===|58||52||29||20||14||10||10||7||7||7||1||7||19||21||11|   |90||72||81||66||69||78||87||67||84||88||77||65||73||74||90||72||81||88||78||77||87||69||67||66||84||65||73||74||80|    )14, 15, 73, 76
101757846  |1.19||1.19||1.19||1.19||1.19||1.19||1.19||1.19||1.18||1.17||1.17||1.17||1.16||0.83|===|1.22||1.22||1.22||1.22||1.22||1.22||1.22||1.22||1.22||1.22||1.22||1.25||1.3||1.61||5|<===>|51||44||38||33||29||26||13||10||16||42||10||7||11||21|===|58||52||29||20||14||10||10||7||7||7||1||7||19||21||11|   |90||72||81||66||67||69||78||87||84||88||77||65||73||74||90||72||81||88||78||77||87||67||69||66||84||65||73||74||80|    )14, 15, 67, 17
101757869  |1.19||1.19||1.19||1.19||1.19||1.19||1.19||1.19||1.19||1.18||1.17||1.17||1.16||0.83|===|1.22||1.22||1.22||1.22||1.22||1.22||1.22||1.22||1.22||1.22||1.22||1.25||1.3||1.61||5|<===>|51||44||38||33||29||26||16||13||10||16||10||7||11||21|===|58||52||29||20||14||10||10||7||7||7||1||7||19||21||11|   |90||72||81||66||67||69||88||78||87||84||77||65||73||74||90||72||81||88||78||77||87||67||69||66||84||65||73||74||80|    )14, 15, 88, 19
101757876  |1.19||1.19||1.19||1.19||1.19||1.19||1.19||1.19||1.19||1.19||1.18||1.17||1.16||0.83|===|1.22||1.22||1.22||1.22||1.22||1.22||1.22||1.22||1.22||1.22||1.22||1.25||1.3||1.61||5|<===>|51||44||38||33||29||26||16||13||10||10||16||7||11||21|===|58||52||29||20||14||10||10||7||7||7||1||7||19||21||11|   |90||72||81||66||67||69||88||78||77||87||84||65||73||74||90||72||81||88||78||77||87||67||69||66||84||65||73||74||80|    )14, 15, 77, 18
101757880  |1.19||1.19||1.19||1.19||1.19||1.19||1.19||1.19||1.19||1.19||1.19||1.17||1.16||0.83|===|1.22||1.22||1.22||1.22||1.22||1.22||1.22||1.22||1.22||1.22||1.22||1.25||1.3||1.61||5|<===>|51||44||38||33||29||26||16||13||10||10||1||7||11||21|===|58||52||29||20||14||10||10||7||7||7||1||7||19||21||11|   |90||72||81||66||67||69||88||78||77||87||84||65||73||74||90||72||81||88||78||77||87||67||69||66||84||65||73||74||80|    )14, 15, 84, 19
101757880  |1.19||1.19||1.19||1.19||1.19||1.19||1.19||1.19||1.19||1.19||1.19||1.17||1.16||0.83|===|1.22||1.22||1.22||1.22||1.22||1.22||1.22||1.22||1.22||1.22||1.22||1.25||1.3||1.61||5|<===>|51||44||38||33||29||26||17||16||13||10||10||7||11||21|===|58||52||29||20||14||10||10||7||7||7||1||7||19||21||11|   |90||72||81||66||67||69||84||88||78||77||87||65||73||74||90||72||81||88||78||77||87||67||69||66||84||65||73||74||80|    )14, 15, 84, 17
101757887  |1.19||1.19||1.19||1.19||1.19||1.19||1.19||1.19||1.19||1.19||1.19||1.19||1.17||1.16|===|1.22||1.22||1.22||1.22||1.22||1.22||1.22||1.22||1.22||1.22||1.22||1.25||1.3||1.61||5|<===>|51||44||38||33||29||26||17||16||13||10||10||10||7||11|===|58||52||29||20||14||10||10||7||7||7||1||7||19||21||11|   |90||72||81||66||67||69||84||88||78||74||77||87||65||73||90||72||81||88||78||77||87||67||69||66||84||65||73||74||80|    )14, 15, 74, 19
101757914  |1.19||1.19||1.19||1.19||1.19||1.19||1.19||1.19||1.19||1.19||1.19||1.19||1.17||1.16|===|1.22||1.22||1.22||1.22||1.22||1.22||1.22||1.22||1.22||1.22||1.22||1.25||1.3||1.61||5|<===>|51||44||39||38||33||29||17||16||13||10||10||10||7||11|===|58||52||29||20||20||14||10||10||7||7||1||7||19||21||11|   |90||72||69||81||66||67||84||88||78||74||77||87||65||73||90||72||81||69||88||78||77||87||67||66||84||65||73||74||80|    )14, 15, 69, 85
101757926  |1.19||1.19||1.19||1.19||1.19||1.19||1.19||1.19||1.19||1.19||1.19||1.19||1.19||1.16|===|1.22||1.22||1.22||1.22||1.22||1.22||1.22||1.22||1.22||1.22||1.22||1.25||1.3||1.61||5|<===>|51||44||39||38||33||29||17||16||13||10||10||10||10||11|===|58||52||29||20||20||14||10||10||7||7||1||7||19||21||11|   |90||72||69||81||66||67||84||88||78||65||74||77||87||73||90||72||81||69||88||78||77||87||67||66||84||65||73||74||80|    )14, 15, 65, 19
101757927  |1.19||1.19||1.19||1.19||1.19||1.19||1.19||1.19||1.19||1.19||1.19||1.19||1.19||1.16|===|1.22||1.22||1.22||1.22||1.22||1.22||1.22||1.22||1.22||1.22||1.22||1.25||1.3||1.61||5|<===>|51||44||39||38||33||29||28||17||16||13||10||10||10||11|===|58||52||29||20||20||14||10||10||7||7||1||7||19||21||11|   |90||72||69||81||66||67||77||84||88||78||65||74||87||73||90||72||81||69||88||78||77||87||67||66||84||65||73||74||80|    )14, 15, 77, 17
101758005  |1.19||1.19||1.19||1.19||1.19||1.19||1.19||1.19||1.19||1.19||1.19||1.19||1.19||1.19|===|1.22||1.22||1.22||1.22||1.22||1.22||1.22||1.22||1.22||1.22||1.22||1.25||1.3||1.61||5|<===>|51||44||39||38||33||29||28||17||16||13||10||10||10||10|===|58||52||29||20||20||14||10||10||7||7||1||7||19||21||11|   |90||72||69||81||66||67||77||84||88||78||73||65||74||87||90||72||81||69||88||78||77||87||67||66||84||65||73||74||80|    )14, 15, 73, 19
101758009  |1.19||1.19||1.19||1.19||1.19||1.19||1.19||1.19||1.19||1.19||1.19||1.19||1.19||1.19|===|1.22||1.22||1.22||1.22||1.22||1.22||1.22||1.22||1.22||1.22||1.22||1.25||1.3||1.61||5|<===>|51||44||43||39||38||33||28||17||16||13||10||10||10||10|===|58||52||29||20||20||14||10||10||7||7||1||7||19||21||11|   |90||72||67||69||81||66||77||84||88||78||73||65||74||87||90||72||81||69||88||78||77||87||67||66||84||65||73||74||80|    )14, 15, 67, 17
101758592  |1.19||1.19||1.19||1.19||1.19||1.19||1.19||1.19||1.19||1.19||1.19||1.19||1.19||1.19|===|1.22||1.22||1.22||1.22||1.22||1.22||1.22||1.22||1.22||1.22||1.22||1.25||1.3||1.61||5|<===>|81||44||43||39||38||33||28||17||16||13||10||10||10||10|===|80||52||29||20||20||14||10||10||7||7||1||7||19||21||11|   |90||72||67||69||81||66||77||84||88||78||73||65||74||87||90||72||81||69||88||78||77||87||67||66||84||65||73||74||80|    )14, 15, 90, 85
101758592  |1.19||1.19||1.19||1.19||1.19||1.19||1.19||1.19||1.19||1.19||1.19||1.19||1.19||0.83|===|1.22||1.22||1.22||1.22||1.22||1.22||1.22||1.22||1.22||1.22||1.22||1.25||1.3||1.61||5|<===>|81||44||43||39||38||33||28||17||16||13||10||10||10||10|===|80||52||29||20||20||14||10||10||7||7||1||7||19||21||11|   |90||72||67||69||81||66||77||84||88||78||73||65||87||74||90||72||81||69||88||78||77||87||67||66||84||65||73||74||80|    )14, 15, 74, 18
101758597  |1.19||1.19||1.19||1.19||1.19||1.19||1.19||1.19||1.19||1.19||1.19||1.19||1.17||0.83|===|1.22||1.22||1.22||1.22||1.22||1.22||1.22||1.22||1.22||1.22||1.22||1.25||1.3||1.61||5|<===>|81||44||43||39||38||33||28||17||16||13||10||10||7||10|===|80||52||29||20||20||14||10||10||7||7||1||7||19||21||11|   |90||72||67||69||81||66||77||84||88||78||73||87||65||74||90||72||81||69||88||78||77||87||67||66||84||65||73||74||80|    )14, 15, 65, 19
101758597  |1.19||1.19||1.19||1.19||1.19||1.19||1.19||1.19||1.19||1.19||1.19||1.17||1.16||0.83|===|1.22||1.22||1.22||1.22||1.22||1.22||1.22||1.22||1.22||1.22||1.22||1.22||1.25||1.61||5|<===>|81||44||43||39||38||33||28||17||16||13||10||7||11||10|===|80||52||29||20||20||14||10||10||10||7||7||1||7||21||11|   |90||72||67||69||81||66||77||84||88||78||87||65||73||74||90||72||81||69||88||78||73||77||87||67||66||84||65||74||80|    )14, 15, 73, 95
101758597  |1.19||1.19||1.19||1.19||1.19||1.19||1.19||1.19||1.19||1.19||1.19||1.17||1.16||0.83|===|1.22||1.22||1.22||1.22||1.22||1.22||1.22||1.22||1.22||1.22||1.22||1.22||1.25||1.61||5|<===>|81||44||39||38||33||29||28||17||16||13||10||7||11||10|===|80||52||29||20||20||14||10||10||10||7||7||1||7||21||11|   |90||72||69||81||66||67||77||84||88||78||87||65||73||74||90||72||81||69||88||78||73||77||87||67||66||84||65||74||80|    )14, 15, 67, 17
101758597  |1.19||1.19||1.19||1.19||1.19||1.19||1.19||1.19||1.19||1.19||1.19||1.17||1.16||0.83|===|1.22||1.22||1.22||1.22||1.22||1.22||1.22||1.22||1.22||1.22||1.22||1.22||1.22||1.25||5|<===>|81||44||39||38||33||29||28||17||16||13||10||7||11||10|===|80||52||29||20||20||14||10||10||10||10||7||7||1||7||11|   |90||72||69||81||66||67||77||84||88||78||87||65||73||74||90||72||81||69||88||78||74||73||77||87||67||66||84||65||80|    )14, 15, 74, 76
101758598  |1.19||1.19||1.19||1.19||1.19||1.19||1.19||1.19||1.19||1.19||1.19||1.17||1.16||0.83|===|1.22||1.22||1.22||1.22||1.22||1.22||1.22||1.22||1.22||1.22||1.22||1.22||1.22||1.25||5|<===>|81||44||39||38||33||29||18||17||16||13||10||7||11||10|===|80||52||29||20||20||14||10||10||10||10||7||7||1||7||11|   |90||72||69||81||66||67||77||84||88||78||87||65||73||74||90||72||81||69||88||78||77||74||73||87||67||66||84||65||80|    )14, 15, 77, 17
101758598  |1.19||1.19||1.19||1.19||1.19||1.19||1.19||1.19||1.19||1.19||1.19||1.17||1.16||0.83|===|1.22||1.22||1.22||1.22||1.22||1.22||1.22||1.22||1.22||1.22||1.22||1.22||1.22||1.25||5|<===>|81||44||39||38||33||29||18||17||16||13||10||7||11||21|===|80||52||29||20||20||14||10||10||10||10||7||7||1||7||11|   |90||72||69||81||66||67||77||84||88||78||87||65||73||74||90||72||81||69||88||78||74||77||73||87||67||66||84||65||80|    )14, 15, 74, 1
101758682  |1.19||1.19||1.19||1.19||1.19||1.19||1.19||1.19||1.19||1.19||1.19||1.17||1.16||0.83|===|1.22||1.22||1.22||1.22||1.22||1.22||1.22||1.22||1.22||1.22||1.22||1.22||1.22||1.25||5|<===>|80||44||39||38||33||29||18||17||16||13||10||7||11||21|===|80||52||29||20||20||14||10||10||10||10||7||7||1||7||11|   |90||72||69||81||66||67||77||84||88||78||87||65||73||74||90||72||81||69||88||78||74||77||73||87||67||66||84||65||80|    )14, 15, 90, 17
101758786  |1.19||1.19||1.19||1.19||1.19||1.19||1.19||1.19||1.19||1.19||1.17||1.17||1.16||0.83|===|1.22||1.22||1.22||1.22||1.22||1.22||1.22||1.22||1.22||1.22||1.22||1.22||1.22||1.25||5|<===>|80||44||39||38||33||29||18||17||13||10||42||7||11||21|===|80||52||29||20||20||14||10||10||10||10||7||7||1||7||11|   |90||72||69||81||66||67||77||84||78||87||88||65||73||74||90||72||81||88||69||78||74||77||73||87||67||66||84||65||80|    )14, 15, 88, 19
101758791  |1.19||1.19||1.19||1.19||1.19||1.19||1.19||1.19||1.19||1.19||1.17||1.17||1.16||0.83|===|1.22||1.22||1.22||1.22||1.22||1.22||1.22||1.22||1.22||1.22||1.22||1.22||1.22||1.25||5|<===>|80||44||39||38||33||29||18||16||13||10||42||7||11||21|===|80||52||29||20||20||14||10||10||10||10||7||7||1||7||11|   |90||72||69||81||66||67||77||84||78||87||88||65||73||74||90||72||81||88||69||78||74||77||73||87||67||66||84||65||80|    )14, 15, 84, 17
101758963  |1.19||1.19||1.19||1.19||1.19||1.19||1.19||1.19||1.19||1.19||1.19||1.17||1.16||0.83|===|1.22||1.22||1.22||1.22||1.22||1.22||1.22||1.22||1.22||1.22||1.22||1.22||1.22||1.25||5|<===>|80||44||39||39||38||33||29||18||16||13||10||7||11||21|===|80||52||29||20||20||14||10||10||10||10||7||7||1||7||11|   |90||72||88||69||81||66||67||77||84||78||87||65||73||74||90||72||81||88||69||78||74||77||73||87||67||66||84||65||80|    )14, 15, 88, 19
101759115  |1.19||1.19||1.19||1.19||1.19||1.19||1.19||1.19||1.19||1.19||1.19||1.17||1.16||0.83|===|1.22||1.22||1.22||1.22||1.22||1.22||1.22||1.22||1.22||1.22||1.22||1.22||1.22||1.25||5|<===>|80||44||39||39||38||33||29||18||16||13||10||7||11||21|===|80||52||29||20||20||14||10||10||10||10||7||7||1||10||11|   |90||72||88||69||81||66||67||77||84||78||87||65||73||74||90||72||81||88||69||78||74||77||73||87||67||66||84||65||80|    )14, 15, 65, 4
101759912  |1.19||1.19||1.19||1.19||1.19||1.19||1.19||1.19||1.19||1.19||1.18||1.17||1.16||0.83|===|1.22||1.22||1.22||1.22||1.22||1.22||1.22||1.22||1.22||1.22||1.22||1.22||1.22||1.25||5|<===>|80||44||39||38||33||29||18||16||13||10||42||7||11||21|===|80||52||29||20||20||14||10||10||10||10||7||7||1||10||11|   |90||72||69||81||66||67||77||84||78||87||88||65||73||74||90||72||81||88||69||78||74||77||73||87||67||66||84||65||80|    )14, 15, 88, 19
101759912  |1.19||1.19||1.19||1.19||1.19||1.19||1.19||1.19||1.19||1.19||1.18||1.17||1.16||0.83|===|1.22||1.22||1.22||1.22||1.22||1.22||1.22||1.22||1.22||1.22||1.22||1.22||1.22||1.25||5|<===>|80||44||38||33||29||18||16||15||13||10||42||7||11||21|===|80||52||29||20||20||14||10||10||10||10||7||7||1||10||11|   |90||72||81||66||67||77||84||69||78||87||88||65||73||74||90||72||81||69||88||78||74||77||73||87||67||66||84||65||80|    )14, 15, 69, 17
101759912  |1.19||1.19||1.19||1.19||1.19||1.19||1.19||1.19||1.19||1.19||1.18||1.17||1.16||0.83|===|1.21||1.22||1.22||1.22||1.22||1.22||1.22||1.22||1.22||1.22||1.22||1.22||1.22||1.25||5|<===>|80||44||38||33||29||18||16||15||13||10||42||7||11||21|===|1||80||52||20||20||14||10||10||10||10||7||7||1||10||11|   |90||72||81||66||67||77||84||69||78||87||88||65||73||74||81||90||72||69||88||78||74||77||73||87||67||66||84||65||80|    )14, 15, 81, 204
101759912  |1.19||1.19||1.19||1.19||1.19||1.19||1.19||1.19||1.19||1.19||1.18||1.17||1.16||0.83|===|1.21||1.22||1.22||1.22||1.22||1.22||1.22||1.22||1.22||1.22||1.22||1.22||1.22||1.25||5|<===>|80||44||38||33||29||18||16||15||13||10||42||7||11||21|===|1||58||52||20||20||14||10||10||10||10||7||7||1||10||11|   |90||72||81||66||67||77||84||69||78||87||88||65||73||74||81||90||72||69||88||78||74||77||73||87||67||66||84||65||80|    )14, 15, 90, 4
101759912  |1.19||1.19||1.19||1.19||1.19||1.19||1.19||1.19||1.19||1.19||1.18||1.17||1.16||0.83|===|1.21||1.22||1.22||1.22||1.22||1.22||1.22||1.22||1.22||1.22||1.22||1.22||1.22||1.25||5|<===>|80||44||38||33||29||18||16||13||10||2||42||7||11||21|===|1||58||52||20||20||14||10||10||10||10||7||7||1||10||11|   |90||72||81||66||67||77||84||78||87||69||88||65||73||74||81||90||72||69||88||78||74||77||73||87||67||66||84||65||80|    )14, 15, 69, 17
101759913  |1.19||1.19||1.19||1.19||1.19||1.19||1.19||1.19||1.19||1.19||1.18||1.17||1.16||0.83|===|1.21||1.22||1.22||1.22||1.22||1.22||1.22||1.22||1.22||1.22||1.22||1.22||1.22||1.25||5|<===>|80||44||38||33||29||18||16||13||10||2||42||7||11||21|===|1||58||52||20||14||10||10||10||10||7||7||7||1||10||11|   |90||72||81||66||67||77||84||78||87||69||88||65||73||74||81||90||72||88||78||74||77||73||87||69||67||66||84||65||80|    )14, 15, 69, 4
101759913  |1.19||1.19||1.19||1.19||1.19||1.19||1.19||1.19||1.19||1.19||1.18||1.17||1.16||0.83|===|1.21||1.22||1.22||1.22||1.22||1.22||1.22||1.22||1.22||1.22||1.22||1.22||1.23||1.25||5|<===>|80||44||38||33||29||18||16||13||10||2||42||7||11||21|===|1||58||52||20||14||10||10||10||7||7||7||1||10||10||11|   |90||72||81||66||67||77||84||78||87||69||88||65||73||74||81||90||72||88||78||74||73||87||69||67||66||84||77||65||80|    )14, 15, 77, 8
101759913  |1.19||1.19||1.19||1.19||1.19||1.19||1.19||1.19||1.19||1.19||1.18||1.17||1.16||0.83|===|1.21||1.22||1.22||1.22||1.22||1.22||1.22||1.22||1.22||1.22||1.22||1.22||1.23||1.25||5|<===>|80||44||38||33||29||18||16||13||10||2||42||7||11||21|===|1||58||52||14||10||10||10||10||7||7||7||1||10||10||11|   |90||72||81||66||67||77||84||78||87||69||88||65||73||74||81||90||72||78||88||74||73||87||69||67||66||84||77||65||80|    )14, 15, 88, 4
101759914  |1.19||1.19||1.19||1.19||1.19||1.19||1.19||1.19||1.19||1.19||1.18||1.17||1.16||0.83|===|1.21||1.22||1.22||1.22||1.22||1.22||1.22||1.22||1.22||1.22||1.22||1.22||1.23||1.25||5|<===>|80||44||38||33||18||16||13||10||2||2||42||7||11||21|===|1||58||52||14||10||10||10||10||7||7||7||1||10||10||11|   |90||72||81||66||77||84||78||87||67||69||88||65||73||74||81||90||72||78||88||74||73||87||67||69||66||84||77||65||80|    )14, 15, 67, 17
101759923  |1.19||1.19||1.19||1.19||1.19||1.19||1.19||1.19||1.19||1.18||1.18||1.17||1.16||0.83|===|1.21||1.22||1.22||1.22||1.22||1.22||1.22||1.22||1.22||1.22||1.22||1.22||1.23||1.25||5|<===>|80||44||38||33||18||16||13||10||2||42||24||7||11||21|===|1||58||52||14||10||10||10||10||7||7||7||1||10||10||11|   |90||72||81||66||77||84||78||87||67||88||69||65||73||74||81||90||72||78||88||74||73||87||69||67||66||84||77||65||80|    )14, 15, 69, 19
101759924  |1.19||1.19||1.19||1.19||1.19||1.19||1.19||1.19||1.19||1.18||1.18||1.17||1.16||0.83|===|1.21||1.22||1.22||1.22||1.22||1.22||1.22||1.22||1.22||1.22||1.22||1.22||1.23||1.25||5|<===>|80||44||38||33||18||16||13||10||2||42||26||7||11||21|===|1||58||52||14||10||10||10||10||7||7||7||1||10||10||11|   |90||72||81||66||77||84||78||87||67||88||69||65||73||74||81||90||72||78||88||74||73||87||69||67||66||84||77||65||80|    )14, 15, 69, 1
101759924  |1.19||1.19||1.19||1.19||1.19||1.19||1.19||1.19||1.18||1.18||1.17||1.16||1.16||0.83|===|1.21||1.22||1.22||1.22||1.22||1.22||1.22||1.22||1.22||1.22||1.22||1.22||1.23||1.25||5|<===>|80||44||38||33||18||13||10||2||42||26||7||31||11||21|===|1||58||52||14||10||10||10||10||7||7||7||1||10||10||11|   |90||72||81||66||77||78||87||67||88||69||65||84||73||74||81||90||72||78||88||74||73||87||69||67||66||84||77||65||80|    )14, 15, 84, 19
101759924  |1.19||1.19||1.19||1.19||1.19||1.19||1.19||1.19||1.18||1.18||1.17||1.16||1.16||0.83|===|1.21||1.22||1.22||1.22||1.22||1.22||1.22||1.22||1.22||1.22||1.22||1.22||1.23||1.25||5|<===>|80||44||38||33||18||13||10||2||42||26||7||47||11||21|===|1||58||52||14||10||10||10||10||7||7||7||1||10||10||11|   |90||72||81||66||77||78||87||67||88||69||65||84||73||74||81||90||72||78||88||74||73||87||69||67||66||84||77||65||80|    )14, 15, 84, 1
101759935  |1.19||1.19||1.19||1.19||1.19||1.19||1.19||1.19||1.18||1.18||1.17||1.16||1.16||0.83|===|1.21||1.22||1.22||1.22||1.22||1.22||1.22||1.22||1.22||1.22||1.22||1.23||1.25||1.3||5|<===>|80||44||38||33||18||13||10||2||42||26||7||47||11||21|===|1||58||52||14||10||10||10||7||7||7||1||10||10||19||11|   |90||72||81||66||77||78||87||67||88||69||65||84||73||74||81||90||72||78||88||74||87||69||67||66||84||77||65||73||80|    )14, 15, 73, 12
101759963  |1.19||1.19||1.19||1.19||1.19||1.19||1.19||1.19||1.18||1.18||1.17||1.16||1.16||0.83|===|1.21||1.22||1.22||1.22||1.22||1.22||1.22||1.22||1.22||1.22||1.22||1.23||1.25||1.3||5|<===>|80||44||38||33||18||13||10||2||42||26||7||47||11||21|===|1||52||51||14||10||10||10||7||7||7||1||10||10||19||11|   |90||72||81||66||77||78||87||67||88||69||65||84||73||74||81||72||90||78||88||74||87||69||67||66||84||77||65||73||80|    )14, 15, 90, 4
101759963  |1.19||1.19||1.19||1.19||1.19||1.19||1.19||1.19||1.18||1.18||1.17||1.16||1.16||0.83|===|1.21||1.22||1.22||1.22||1.22||1.22||1.22||1.22||1.22||1.22||1.23||1.23||1.25||1.3||5|<===>|80||44||38||33||18||13||10||2||42||26||7||47||11||21|===|1||52||51||14||10||10||10||7||7||1||10||2||10||19||11|   |90||72||81||66||77||78||87||67||88||69||65||84||73||74||81||72||90||78||88||74||87||67||66||84||77||69||65||73||80|    )14, 15, 69, 12
101759963  |1.19||1.19||1.19||1.19||1.19||1.19||1.19||1.19||1.18||1.18||1.17||1.16||1.16||0.83|===|1.21||1.22||1.22||1.22||1.22||1.22||1.22||1.22||1.22||1.22||1.23||1.23||1.25||1.3||5|<===>|80||44||38||33||18||13||10||2||42||26||7||47||11||21|===|1||52||51||14||10||10||10||7||7||1||10||10||10||19||11|   |90||72||81||66||77||78||87||67||88||69||65||84||73||74||81||72||90||78||88||74||87||67||66||84||69||77||65||73||80|    )14, 15, 69, 4
101759963  |1.19||1.19||1.19||1.19||1.19||1.19||1.19||1.19||1.18||1.18||1.17||1.16||1.16||0.83|===|1.21||1.22||1.22||1.22||1.22||1.22||1.22||1.22||1.22||1.23||1.23||1.23||1.25||1.3||5|<===>|80||44||38||33||18||13||10||2||42||26||7||47||11||21|===|1||52||51||14||10||10||7||7||1||10||10||10||10||19||11|   |90||72||81||66||77||78||87||67||88||69||65||84||73||74||81||72||90||78||74||87||67||66||84||88||69||77||65||73||80|    )14, 15, 88, 8
101759964  |1.19||1.19||1.19||1.19||1.19||1.19||1.19||1.19||1.18||1.18||1.17||1.16||1.16||0.83|===|1.21||1.22||1.22||1.22||1.22||1.22||1.22||1.22||1.23||1.23||1.23||1.23||1.25||1.3||5|<===>|80||44||38||33||18||13||10||2||42||26||7||47||11||21|===|1||52||51||14||10||10||7||1||10||10||10||8||10||19||11|   |90||72||81||66||77||78||87||67||88||69||65||84||73||74||81||72||90||78||74||87||67||84||88||69||77||66||65||73||80|    )14, 15, 66, 12
101759965  |1.19||1.19||1.19||1.19||1.19||1.19||1.19||1.19||1.18||1.18||1.17||1.16||1.16||0.83|===|1.21||1.22||1.22||1.22||1.22||1.22||1.22||1.23||1.23||1.23||1.23||1.23||1.25||1.3||5|<===>|80||44||38||33||18||13||10||2||42||26||7||47||11||21|===|1||52||51||14||10||10||1||10||10||10||10||8||10||19||11|   |90||72||81||66||77||78||87||67||88||69||65||84||73||74||81||72||90||78||74||87||84||67||88||69||77||66||65||73||80|    )14, 15, 67, 12
101759973  |1.19||1.19||1.19||1.19||1.19||1.19||1.19||1.18||1.18||1.17||1.16||1.16||1.16||0.83|===|1.21||1.22||1.22||1.22||1.22||1.22||1.22||1.23||1.23||1.23||1.23||1.23||1.25||1.3||5|<===>|80||44||38||33||13||10||2||42||26||7||62||47||11||21|===|1||52||51||14||10||10||1||10||10||10||10||8||10||19||11|   |90||72||81||66||78||87||67||88||69||65||77||84||73||74||81||72||90||78||74||87||84||77||67||88||69||66||65||73||80|    )14, 15, 77, 19
101759989  |1.19||1.19||1.19||1.19||1.19||1.19||1.19||1.18||1.18||1.17||1.16||1.16||1.16||0.83|===|1.21||1.22||1.22||1.22||1.22||1.22||1.23||1.23||1.23||1.23||1.23||1.23||1.25||1.3||5|<===>|80||44||38||33||13||10||2||42||26||7||62||47||11||21|===|1||52||51||14||10||1||23||10||10||10||10||8||10||19||11|   |90||72||81||66||78||87||67||88||69||65||77||84||73||74||81||72||90||78||74||84||87||77||67||88||69||66||65||73||80|    )14, 15, 87, 12
101800007  |1.19||1.19||1.19||1.19||1.19||1.19||1.19||1.18||1.18||1.17||1.16||1.16||1.16||0.83|===|1.21||1.22||1.22||1.22||1.22||1.22||1.23||1.23||1.23||1.23||1.23||1.23||1.25||1.3||5|<===>|80||44||38||33||13||10||2||42||26||7||62||47||11||21|===|1||52||51||14||10||1||58||23||10||10||10||8||10||19||11|   |90||72||81||66||78||87||67||88||69||65||77||84||73||74||81||72||90||78||74||84||67||87||77||88||69||66||65||73||80|    )14, 15, 67, 4
101800009  |1.19||1.19||1.19||1.19||1.19||1.19||1.19||1.18||1.18||1.17||1.16||1.16||1.16||0.83|===|1.21||1.22||1.22||1.22||1.22||1.22||1.23||1.23||1.23||1.23||1.23||1.23||1.25||1.3||5|<===>|80||44||38||33||13||10||2||42||26||7||62||47||11||21|===|1||52||51||14||10||1||59||23||10||10||10||8||10||19||11|   |90||72||81||66||78||87||67||88||69||65||77||84||73||74||81||72||90||78||74||84||67||87||77||88||69||66||65||73||80|    )14, 15, 67, 4
101800024  |1.19||1.19||1.19||1.19||1.19||1.19||1.19||1.18||1.18||1.17||1.16||1.16||1.16||0.83|===|1.21||1.22||1.22||1.22||1.22||1.22||1.23||1.23||1.23||1.23||1.23||1.23||1.25||1.3||5|<===>|80||44||38||33||13||10||2||42||26||7||182||47||11||21|===|1||52||51||14||10||1||59||23||10||10||10||8||10||19||11|   |90||72||81||66||78||87||67||88||69||65||77||84||73||74||81||72||90||78||74||84||67||87||77||88||69||66||65||73||80|    )14, 15, 77, 1
101800037  |1.19||1.19||1.19||1.19||1.19||1.19||1.19||1.18||1.18||1.17||1.16||1.16||1.16||0.83|===|1.21||1.22||1.22||1.22||1.22||1.23||1.23||1.23||1.23||1.23||1.23||1.25||1.3||1.61||5|<===>|80||44||38||33||13||10||2||42||26||7||182||47||11||21|===|1||52||51||14||1||59||23||10||10||10||8||10||19||10||11|   |90||72||81||66||78||87||67||88||69||65||77||84||73||74||81||72||90||78||84||67||87||77||88||69||66||65||73||74||80|    )14, 15, 74, 8
101800060  |1.19||1.19||1.19||1.19||1.19||1.19||1.19||1.18||1.18||1.17||1.16||1.16||1.16||0.83|===|1.21||1.22||1.22||1.22||1.23||1.23||1.23||1.23||1.23||1.23||1.25||1.26||1.3||1.61||5|<===>|80||44||38||33||13||10||2||42||26||7||182||47||11||21|===|1||52||51||14||59||23||10||10||10||8||10||1||19||10||11|   |90||72||81||66||78||87||67||88||69||65||77||84||73||74||81||72||90||78||67||87||77||88||69||66||65||84||73||74||80|    )14, 15, 84, 8
101800060  |1.19||1.19||1.19||1.19||1.19||1.19||1.19||1.18||1.18||1.17||1.16||1.16||1.16||0.83|===|1.21||1.22||1.22||1.22||1.23||1.23||1.23||1.23||1.23||1.23||1.25||1.26||1.3||1.61||5|<===>|80||44||38||33||13||10||2||42||26||7||182||47||11||21|===|1||52||51||14||59||23||10||10||10||8||10||17||19||10||11|   |90||72||81||66||78||87||67||88||69||65||77||84||73||74||81||72||90||78||67||87||77||88||69||66||65||84||73||74||80|    )14, 15, 84, 4
101800136  |1.19||1.19||1.19||1.19||1.19||1.19||1.19||1.18||1.18||1.17||1.16||1.16||1.16||0.83|===|1.21||1.21||1.22||1.22||1.23||1.23||1.23||1.23||1.23||1.23||1.25||1.26||1.3||1.61||5|<===>|80||44||38||33||13||10||2||42||26||7||182||47||11||21|===|50||1||52||14||59||23||10||10||10||8||10||17||19||10||11|   |90||72||81||66||78||87||67||88||69||65||77||84||73||74||90||81||72||78||67||87||77||88||69||66||65||84||73||74||80|    )14, 15, 90, 76
101800138  |1.19||1.19||1.19||1.19||1.19||1.19||1.19||1.18||1.18||1.17||1.16||1.16||1.16||0.83|===|1.21||1.21||1.22||1.22||1.23||1.23||1.23||1.23||1.23||1.25||1.25||1.26||1.3||1.61||5|<===>|80||44||38||33||13||10||2||42||26||7||182||47||11||21|===|50||1||52||14||59||10||10||10||8||190||10||17||19||10||11|   |90||72||81||66||78||87||67||88||69||65||77||84||73||74||90||81||72||78||67||77||88||69||66||87||65||84||73||74||80|    )14, 15, 87, 12
101800218  |1.19||1.19||1.19||1.19||1.19||1.19||1.19||1.18||1.18||1.17||1.16||1.16||1.16||0.83|===|1.21||1.21||1.22||1.22||1.22||1.23||1.23||1.23||1.23||1.25||1.25||1.26||1.3||1.61||5|<===>|80||44||38||33||13||10||2||42||26||7||182||47||11||21|===|50||1||52||14||10||59||10||10||8||190||10||17||19||10||11|   |90||72||81||66||78||87||67||88||69||65||77||84||73||74||90||81||72||78||88||67||77||69||66||87||65||84||73||74||80|    )14, 15, 88, 8
101800219  |1.19||1.19||1.19||1.19||1.19||1.19||1.19||1.18||1.18||1.17||1.16||1.16||1.16||0.83|===|1.21||1.21||1.22||1.22||1.22||1.23||1.23||1.23||1.23||1.25||1.25||1.26||1.3||1.61||5|<===>|80||44||38||33||13||10||2||42||26||7||182||47||11||21|===|50||1||52||14||10||59||10||8||2||190||10||17||19||10||11|   |90||72||81||66||78||87||67||88||69||65||77||84||73||74||90||81||72||78||88||67||77||66||69||87||65||84||73||74||80|    )14, 15, 69, 4
101800219  |1.19||1.19||1.19||1.19||1.19||1.19||1.19||1.18||1.18||1.17||1.16||1.16||1.16||0.83|===|1.21||1.21||1.22||1.22||1.22||1.23||1.23||1.23||1.25||1.25||1.26||1.28||1.3||1.61||5|<===>|80||44||38||33||13||10||2||42||26||7||182||47||11||21|===|50||1||52||14||10||59||10||2||190||10||17||33||19||10||11|   |90||72||81||66||78||87||67||88||69||65||77||84||73||74||90||81||72||78||88||67||77||69||87||65||84||66||73||74||80|    )14, 15, 66, 12
101800220  |1.19||1.19||1.19||1.19||1.19||1.19||1.19||1.18||1.18||1.17||1.16||1.16||1.16||0.83|===|1.21||1.21||1.22||1.22||1.22||1.23||1.23||1.23||1.25||1.25||1.26||1.28||1.3||1.61||5|<===>|80||44||38||33||13||10||2||42||26||7||182||47||11||21|===|50||1||52||14||10||51||10||2||190||10||17||33||19||10||11|   |90||72||81||66||78||87||67||88||69||65||77||84||73||74||90||81||72||78||88||67||77||69||87||65||84||66||73||74||80|    )14, 15, 67, 4
101800451  |1.19||1.19||1.19||1.19||1.19||1.19||1.19||1.18||1.18||1.17||1.16||1.16||1.16||0.83|===|1.21||1.21||1.22||1.22||1.22||1.23||1.23||1.23||1.25||1.25||1.26||1.28||1.3||1.61||5|<===>|50||44||38||33||13||10||2||42||26||7||182||47||11||21|===|72||1||52||14||10||51||10||2||190||10||17||33||19||10||11|   |90||72||81||66||78||87||67||88||69||65||77||84||73||74||90||81||72||78||88||67||77||69||87||65||84||66||73||74||80|    )14, 15, 90, 85
101800509  |1.19||1.19||1.19||1.19||1.19||1.19||1.19||1.18||1.18||1.17||1.16||1.16||1.16||0.83|===|1.21||1.21||1.22||1.22||1.22||1.23||1.23||1.23||1.25||1.25||1.26||1.28||1.3||1.61||5|<===>|50||44||38||33||13||10||2||42||26||7||182||47||11||21|===|72||1||52||14||10||51||10||3||190||10||17||33||19||10||11|   |90||72||81||66||78||87||67||88||69||65||77||84||73||74||90||81||72||78||88||67||77||69||87||65||84||66||73||74||80|    )14, 15, 69, 4
101801575  |1.19||1.19||1.19||1.19||1.19||1.19||1.19||1.18||1.18||1.17||1.16||1.16||1.16||0.83|===|1.21||1.21||1.22||1.22||1.22||1.23||1.23||1.23||1.25||1.25||1.26||1.28||1.3||1.61||5|<===>|50||44||39||33||13||10||2||42||26||7||182||47||11||21|===|72||20||52||14||10||51||10||3||190||10||17||33||19||10||11|   |90||72||81||66||78||87||67||88||69||65||77||84||73||74||90||81||72||78||88||67||77||69||87||65||84||66||73||74||80|    )14, 15, 81, 85
101801576  |1.19||1.19||1.19||1.19||1.19||1.19||1.19||1.18||1.18||1.17||1.16||1.16||1.16||0.83|===|1.21||1.21||1.21||1.22||1.22||1.23||1.23||1.23||1.25||1.25||1.26||1.28||1.3||1.61||5|<===>|50||44||39||33||13||10||2||42||26||7||182||47||11||21|===|72||20||13||52||10||51||10||3||190||10||17||33||19||10||11|   |90||72||81||66||78||87||67||88||69||65||77||84||73||74||90||81||78||72||88||67||77||69||87||65||84||66||73||74||80|    )14, 15, 78, 76
101801632  |1.19||1.19||1.19||1.19||1.19||1.19||1.18||1.18||1.18||1.17||1.16||1.16||1.16||0.83|===|1.21||1.21||1.21||1.22||1.22||1.23||1.23||1.23||1.25||1.25||1.26||1.28||1.3||1.61||5|<===>|50||44||39||33||13||10||42||28||26||7||182||47||11||21|===|72||20||13||52||10||77||10||3||190||10||17||33||19||10||11|   |90||72||81||66||78||87||88||67||69||65||77||84||73||74||90||81||78||72||88||67||77||69||87||65||84||66||73||74||80|    )14, 15, 67, 23
101801633  |1.19||1.19||1.19||1.19||1.19||1.19||1.18||1.18||1.18||1.17||1.16||1.16||1.16||0.83|===|1.21||1.21||1.21||1.22||1.22||1.23||1.23||1.23||1.25||1.25||1.26||1.28||1.3||1.61||5|<===>|50||44||33||19||13||10||42||28||26||7||182||47||11||21|===|72||20||13||52||10||77||10||3||190||10||17||33||19||10||11|   |90||72||66||81||78||87||88||67||69||65||77||84||73||74||90||81||78||72||88||67||77||69||87||65||84||66||73||74||80|    )14, 15, 81, 17
101801633  |1.19||1.19||1.19||1.19||1.19||1.19||1.18||1.18||1.18||1.17||1.16||1.16||1.16||0.83|===|1.21||1.21||1.21||1.22||1.23||1.23||1.23||1.25||1.25||1.26||1.26||1.28||1.3||1.61||5|<===>|50||44||33||19||13||10||42||28||26||7||182||47||11||21|===|72||20||13||52||77||10||3||190||10||17||16||33||19||10||11|   |90||72||66||81||78||87||88||67||69||65||77||84||73||74||90||81||78||72||67||77||69||87||65||84||88||66||73||74||80|    )14, 15, 88, 12
101801636  |1.19||1.19||1.19||1.19||1.19||1.18||1.18||1.18||1.17||1.16||1.16||1.16||1.13||0.83|===|1.21||1.21||1.21||1.22||1.23||1.23||1.23||1.25||1.25||1.26||1.26||1.28||1.3||1.61||5|<===>|50||44||33||19||13||42||28||26||7||182||47||11||232||21|===|72||20||13||52||77||10||3||190||10||17||16||33||19||10||11|   |90||72||66||81||78||88||67||69||65||77||84||73||87||74||90||81||78||72||67||77||69||87||65||84||88||66||73||74||80|    )14, 15, 87, 19
101801637  |1.19||1.19||1.19||1.19||1.19||1.18||1.18||1.18||1.17||1.16||1.16||1.16||1.13||0.83|===|1.21||1.21||1.21||1.22||1.23||1.23||1.23||1.25||1.25||1.26||1.26||1.28||1.3||1.61||5|<===>|50||33||28||19||13||42||28||26||7||182||47||11||232||21|===|72||20||13||52||77||10||3||190||10||17||16||33||19||10||11|   |90||66||72||81||78||88||67||69||65||77||84||73||87||74||90||81||78||72||67||77||69||87||65||84||88||66||73||74||80|    )14, 15, 72, 17
101801637  |1.19||1.19||1.19||1.19||1.19||1.19||1.18||1.18||1.18||1.17||1.16||1.16||1.16||0.83|===|1.21||1.21||1.21||1.21||1.22||1.23||1.23||1.23||1.25||1.26||1.26||1.28||1.3||1.61||5|<===>|50||33||28||19||16||13||42||28||26||7||182||47||11||21|===|72||20||16||13||52||77||10||3||10||17||16||33||19||10||11|   |90||66||72||81||87||78||88||67||69||65||77||84||73||74||90||81||87||78||72||67||77||69||65||84||88||66||73||74||80|    )14, 15, 87, 95
101801652  |1.19||1.19||1.19||1.19||1.19||1.19||1.18||1.18||1.18||1.17||1.16||1.16||1.16||0.83|===|1.21||1.21||1.21||1.21||1.22||1.23||1.23||1.23||1.25||1.26||1.26||1.28||1.3||1.61||5|<===>|50||33||28||19||16||13||42||28||26||7||182||47||11||21|===|72||20||16||13||52||77||10||3||10||24||17||33||19||10||11|   |90||66||72||81||87||78||88||67||69||65||77||84||73||74||90||81||87||78||72||67||77||69||65||88||84||66||73||74||80|    )14, 15, 88, 4
101801654  |1.19||1.19||1.19||1.19||1.19||1.19||1.18||1.18||1.18||1.17||1.16||1.16||1.16||0.83|===|1.21||1.21||1.21||1.21||1.22||1.23||1.23||1.23||1.25||1.26||1.26||1.28||1.3||1.61||5|<===>|50||33||28||19||16||13||42||28||26||7||182||47||11||21|===|72||20||16||13||52||77||10||3||10||24||17||33||30||10||11|   |90||66||72||81||87||78||88||67||69||65||77||84||73||74||90||81||87||78||72||67||77||69||65||88||84||66||73||74||80|    )14, 15, 73, 4
101801656  |1.19||1.19||1.19||1.19||1.19||1.19||1.18||1.18||1.18||1.17||1.16||1.16||1.16||0.83|===|1.21||1.21||1.21||1.21||1.22||1.23||1.23||1.23||1.25||1.26||1.26||1.28||1.3||1.61||5|<===>|50||33||28||19||16||13||42||28||26||7||182||47||11||21|===|72||20||16||13||52||77||10||3||10||26||24||33||30||10||11|   |90||66||72||81||87||78||88||67||69||65||77||84||73||74||90||81||87||78||72||67||77||69||65||84||88||66||73||74||80|    )14, 15, 84, 4
101801670  |1.19||1.19||1.19||1.19||1.19||1.19||1.18||1.18||1.18||1.17||1.16||1.16||1.16||0.83|===|1.21||1.21||1.21||1.21||1.21||1.23||1.23||1.23||1.25||1.26||1.26||1.28||1.3||1.61||5|<===>|50||44||33||19||16||13||42||28||26||7||182||47||11||21|===|72||20||16||16||13||77||10||3||10||26||24||33||30||10||11|   |90||72||66||81||87||78||88||67||69||65||77||84||73||74||90||81||72||87||78||67||77||69||65||84||88||66||73||74||80|    )14, 15, 72, 93
101801683  |1.19||1.19||1.19||1.19||1.19||1.19||1.18||1.18||1.18||1.17||1.16||1.16||1.16||0.83|===|1.21||1.21||1.21||1.21||1.21||1.23||1.23||1.23||1.25||1.26||1.26||1.28||1.3||1.61||5|<===>|50||44||33||19||16||13||71||42||26||7||182||47||11||21|===|72||20||16||16||13||77||10||3||10||26||24||33||30||10||11|   |90||72||66||81||87||78||67||88||69||65||77||84||73||74||90||81||72||87||78||67||77||69||65||84||88||66||73||74||80|    )14, 15, 67, 1
101802310  |1.19||1.19||1.19||1.19||1.19||1.19||1.18||1.18||1.18||1.17||1.16||1.16||1.16||0.83|===|1.21||1.21||1.21||1.21||1.21||1.23||1.23||1.23||1.25||1.26||1.26||1.28||1.3||1.61||5|<===>|50||44||33||19||16||13||71||42||26||7||182||47||11||21|===|72||20||16||16||13||117||10||3||10||26||24||33||30||10||11|   |90||72||66||81||87||78||67||88||69||65||77||84||73||74||90||81||72||87||78||67||77||69||65||84||88||66||73||74||80|    )14, 15, 67, 4
101803192  |1.19||1.19||1.19||1.19||1.19||1.19||1.18||1.18||1.18||1.17||1.16||1.16||1.16||0.83|===|1.21||1.21||1.21||1.21||1.21||1.23||1.23||1.23||1.25||1.26||1.26||1.28||1.3||1.61||5|<===>|50||44||33||19||16||13||71||42||26||7||182||47||11||21|===|72||20||16||16||13||117||10||3||10||26||24||33||30||21||11|   |90||72||66||81||87||78||67||88||69||65||77||84||73||74||90||81||72||87||78||67||77||69||65||84||88||66||73||74||80|    )14, 15, 74, 4
101804118  |1.19||1.19||1.19||1.19||1.19||1.19||1.18||1.18||1.18||1.17||1.16||1.16||1.16||0.83|===|1.21||1.21||1.21||1.21||1.21||1.23||1.23||1.23||1.25||1.26||1.26||1.28||1.3||1.61||5|<===>|50||44||33||19||16||13||71||42||26||7||182||47||11||21|===|72||20||16||16||13||117||71||3||10||26||24||33||30||21||11|   |90||72||66||81||87||78||67||88||69||65||77||84||73||74||90||81||72||87||78||67||77||69||65||84||88||66||73||74||80|    )14, 15, 77, 4
101804167  |1.19||1.19||1.19||1.19||1.19||1.19||1.18||1.18||1.18||1.17||1.16||1.16||1.16||0.83|===|1.21||1.21||1.21||1.21||1.21||1.23||1.23||1.23||1.25||1.26||1.26||1.28||1.3||1.61||5|<===>|50||44||33||19||16||13||71||42||26||7||182||47||11||21|===|72||20||16||16||13||135||117||3||10||26||24||33||30||21||11|   |90||72||66||81||87||78||67||88||69||65||77||84||73||74||90||81||72||87||78||77||67||69||65||84||88||66||73||74||80|    )14, 15, 77, 4
101804503  |1.19||1.19||1.19||1.19||1.19||1.19||1.18||1.18||1.18||1.17||1.16||1.16||1.16||0.83|===|1.21||1.21||1.21||1.21||1.21||1.23||1.23||1.23||1.25||1.26||1.26||1.28||1.3||1.61||5|<===>|80||44||33||19||16||13||71||42||26||7||182||47||11||21|===|72||20||16||16||13||135||117||3||10||26||24||33||30||21||11|   |90||72||66||81||87||78||67||88||69||65||77||84||73||74||90||81||72||87||78||77||67||69||65||84||88||66||73||74||80|    )14, 15, 90, 17
101804503  |1.19||1.19||1.19||1.19||1.19||1.19||1.18||1.18||1.18||1.17||1.16||1.16||1.16||0.83|===|1.21||1.21||1.21||1.21||1.21||1.23||1.23||1.23||1.25||1.26||1.26||1.28||1.3||1.61||5|<===>|80||44||39||33||16||13||71||42||26||7||182||47||11||21|===|72||20||16||16||13||135||117||3||10||26||24||33||30||21||11|   |90||72||81||66||87||78||67||88||69||65||77||84||73||74||90||81||72||87||78||77||67||69||65||84||88||66||73||74||80|    )14, 15, 81, 17
101804503  |1.19||1.19||1.19||1.19||1.19||1.19||1.18||1.18||1.18||1.17||1.16||1.16||1.16||0.83|===|1.21||1.21||1.21||1.21||1.21||1.23||1.23||1.23||1.25||1.26||1.26||1.28||1.3||1.61||5|<===>|80||44||33||19||16||13||71||42||26||7||182||47||11||21|===|72||20||16||16||13||135||117||3||10||26||24||33||30||21||11|   |90||72||66||81||87||78||67||88||69||65||77||84||73||74||90||81||72||87||78||77||67||69||65||84||88||66||73||74||80|    )14, 15, 81, 17
101804503  |1.19||1.19||1.19||1.19||1.19||1.19||1.18||1.18||1.18||1.17||1.16||1.16||1.16||0.83|===|1.21||1.21||1.21||1.21||1.22||1.23||1.23||1.23||1.25||1.26||1.26||1.28||1.3||1.61||5|<===>|80||44||33||19||16||13||71||42||26||7||182||47||11||21|===|72||20||16||13||10||135||117||3||10||26||24||33||30||21||11|   |90||72||66||81||87||78||67||88||69||65||77||84||73||74||90||81||87||78||72||77||67||69||65||84||88||66||73||74||80|    )14, 15, 72, 76
101804632  |1.19||1.19||1.19||1.19||1.19||1.19||1.18||1.18||1.18||1.17||1.16||1.16||1.16||0.83|===|1.21||1.21||1.21||1.21||1.22||1.23||1.23||1.23||1.25||1.26||1.26||1.28||1.3||1.61||5|<===>|50||44||33||19||16||13||71||42||26||7||182||47||11||21|===|72||20||16||13||10||135||117||3||10||26||24||33||30||21||11|   |90||72||66||81||87||78||67||88||69||65||77||84||73||74||90||81||87||78||72||77||67||69||65||84||88||66||73||74||80|    )14, 15, 90, 17
101804632  |1.19||1.19||1.19||1.19||1.19||1.19||1.18||1.18||1.18||1.17||1.16||1.16||1.16||0.83|===|1.21||1.21||1.21||1.21||1.22||1.23||1.23||1.23||1.25||1.26||1.26||1.28||1.3||1.61||5|<===>|50||44||33||19||16||13||71||42||26||7||182||47||11||21|===|73||20||16||13||10||135||117||3||10||26||24||33||30||21||11|   |90||72||66||81||87||78||67||88||69||65||77||84||73||74||90||81||87||78||72||77||67||69||65||84||88||66||73||74||80|    )14, 15, 90, 68
101804632  |1.19||1.19||1.19||1.19||1.19||1.19||1.18||1.18||1.18||1.17||1.16||1.16||1.16||0.83|===|1.21||1.21||1.21||1.21||1.21||1.23||1.23||1.23||1.25||1.26||1.26||1.28||1.3||1.61||5|<===>|50||44||33||19||16||13||71||42||26||7||182||47||11||21|===|73||20||16||16||13||135||117||3||10||26||24||33||30||21||11|   |90||72||66||81||87||78||67||88||69||65||77||84||73||74||90||81||72||87||78||77||67||69||65||84||88||66||73||74||80|    )14, 15, 72, 76
101804705  |1.19||1.19||1.19||1.19||1.19||1.19||1.18||1.18||1.18||1.17||1.16||1.16||1.16||0.83|===|1.21||1.21||1.21||1.21||1.21||1.23||1.23||1.23||1.25||1.26||1.26||1.28||1.3||1.61||5|<===>|50||33||28||19||16||13||71||42||26||7||182||47||11||21|===|73||20||16||16||13||135||117||3||10||26||24||33||30||21||11|   |90||66||72||81||87||78||67||88||69||65||77||84||73||74||90||81||72||87||78||77||67||69||65||84||88||66||73||74||80|    )14, 15, 72, 17
101804740  |1.19||1.19||1.19||1.19||1.19||1.19||1.18||1.18||1.18||1.17||1.16||1.16||1.16||0.83|===|1.21||1.21||1.21||1.21||1.21||1.23||1.23||1.23||1.25||1.26||1.26||1.28||1.3||1.61||5|<===>|50||44||33||19||16||13||71||42||26||7||182||47||11||21|===|73||20||16||16||13||135||117||3||10||26||24||33||30||21||11|   |90||72||66||81||87||78||67||88||69||65||77||84||73||74||90||81||72||87||78||77||67||69||65||84||88||66||73||74||80|    )14, 15, 72, 17
101804749  |1.19||1.19||1.19||1.19||1.19||1.19||1.18||1.18||1.18||1.17||1.16||1.16||1.16||0.83|===|1.21||1.21||1.21||1.21||1.21||1.23||1.23||1.23||1.25||1.26||1.26||1.28||1.3||1.61||5|<===>|50||34||33||19||16||13||71||42||26||7||182||47||11||21|===|73||33||20||16||13||135||117||3||10||26||24||33||30||21||11|   |90||72||66||81||87||78||67||88||69||65||77||84||73||74||90||72||81||87||78||77||67||69||65||84||88||66||73||74||80|    )14, 15, 72, 85
101804749  |1.19||1.19||1.19||1.19||1.19||1.18||1.18||1.18||1.18||1.17||1.16||1.16||1.16||0.83|===|1.21||1.21||1.21||1.21||1.21||1.23||1.23||1.23||1.25||1.26||1.26||1.28||1.3||1.61||5|<===>|50||34||19||16||13||71||42||33||26||7||182||47||11||21|===|73||33||20||16||13||135||117||3||10||26||24||33||30||21||11|   |90||72||81||87||78||67||88||66||69||65||77||84||73||74||90||72||81||87||78||77||67||69||65||84||88||66||73||74||80|    )14, 15, 66, 18
101804749  |1.19||1.19||1.19||1.19||1.19||1.18||1.18||1.18||1.17||1.17||1.16||1.16||1.16||0.83|===|1.21||1.21||1.21||1.21||1.21||1.23||1.23||1.23||1.25||1.26||1.26||1.28||1.3||1.61||5|<===>|50||34||19||16||13||71||33||26||42||7||182||47||11||21|===|73||33||20||16||13||135||117||3||10||26||24||33||30||21||11|   |90||72||81||87||78||67||66||69||88||65||77||84||73||74||90||72||81||87||78||77||67||69||65||84||88||66||73||74||80|    )14, 15, 88, 2
101804750  |1.19||1.19||1.19||1.19||1.19||1.18||1.18||1.18||1.17||1.17||1.16||1.16||1.16||0.83|===|1.21||1.21||1.21||1.21||1.21||1.23||1.23||1.23||1.25||1.26||1.26||1.28||1.3||1.61||5|<===>|50||19||16||16||13||71||33||26||42||7||182||47||11||21|===|73||33||20||16||13||135||117||3||10||26||24||33||30||21||11|   |90||81||72||87||78||67||66||69||88||65||77||84||73||74||90||72||81||87||78||77||67||69||65||84||88||66||73||74||80|    )14, 15, 72, 17
101804755  |1.19||1.19||1.19||1.19||1.18||1.18||1.18||1.17||1.17||1.16||1.16||1.16||1.14||0.83|===|1.21||1.21||1.21||1.21||1.21||1.23||1.23||1.23||1.25||1.26||1.26||1.28||1.3||1.61||5|<===>|50||19||16||13||71||33||26||42||7||182||47||11||162||21|===|73||33||20||16||13||135||117||3||10||26||24||33||30||21||11|   |90||81||72||78||67||66||69||88||65||77||84||73||87||74||90||72||81||87||78||77||67||69||65||84||88||66||73||74||80|    )14, 15, 87, 19
101804757  |1.19||1.19||1.19||1.18||1.18||1.18||1.17||1.17||1.16||1.16||1.16||1.14||1.14||0.83|===|1.21||1.21||1.21||1.21||1.21||1.23||1.23||1.23||1.25||1.26||1.26||1.28||1.3||1.61||5|<===>|50||19||13||71||33||26||42||7||182||47||11||162||36||21|===|73||33||20||16||13||135||117||3||10||26||24||33||30||21||11|   |90||81||78||67||66||69||88||65||77||84||73||87||72||74||90||72||81||87||78||77||67||69||65||84||88||66||73||74||80|    )14, 15, 72, 19
101804757  |1.19||1.19||1.19||1.18||1.18||1.18||1.17||1.17||1.16||1.16||1.16||1.14||1.14||0.83|===|1.21||1.21||1.21||1.21||1.21||1.23||1.23||1.23||1.25||1.26||1.26||1.28||1.3||1.61||5|<===>|50||19||13||71||33||26||42||7||182||47||11||162||156||21|===|73||33||20||16||13||135||117||3||10||26||24||33||30||21||11|   |90||81||78||67||66||69||88||65||77||84||73||87||72||74||90||72||81||87||78||77||67||69||65||84||88||66||73||74||80|    )14, 15, 72, 1
101804772  |1.19||1.19||1.19||1.18||1.18||1.18||1.17||1.17||1.16||1.16||1.16||1.14||1.14||0.83|===|1.21||1.21||1.21||1.21||1.21||1.23||1.23||1.23||1.25||1.26||1.26||1.28||1.3||1.61||5|<===>|50||19||13||71||33||26||42||7||182||47||11||162||156||21|===|73||33||20||16||13||117||104||3||10||26||24||33||30||21||11|   |90||81||78||67||66||69||88||65||77||84||73||87||72||74||90||72||81||87||78||67||77||69||65||84||88||66||73||74||80|    )14, 15, 77, 4
101804773  |1.19||1.19||1.19||1.18||1.18||1.18||1.17||1.17||1.16||1.16||1.16||1.14||1.13||0.83|===|1.21||1.21||1.21||1.21||1.21||1.23||1.23||1.23||1.25||1.26||1.26||1.28||1.3||1.61||5|<===>|50||19||13||71||33||26||42||7||182||47||11||156||194||21|===|73||33||20||16||13||117||104||3||10||26||24||33||30||21||11|   |90||81||78||67||66||69||88||65||77||84||73||72||87||74||90||72||81||87||78||67||77||69||65||84||88||66||73||74||80|    )14, 15, 87, 3
101804804  |1.19||1.19||1.19||1.18||1.18||1.18||1.17||1.16||1.16||1.16||1.16||1.14||1.13||0.83|===|1.21||1.21||1.21||1.21||1.21||1.23||1.23||1.23||1.24||1.26||1.26||1.28||1.3||1.61||5|<===>|50||19||13||71||33||26||42||182||47||45||11||156||194||21|===|73||33||20||16||13||117||104||3||8||26||24||33||30||21||11|   |90||81||78||67||66||69||88||77||84||65||73||72||87||74||90||72||81||87||78||67||77||69||65||84||88||66||73||74||80|    )14, 15, 65, 15
101804816  |1.19||1.19||1.19||1.18||1.18||1.18||1.17||1.16||1.16||1.16||1.16||1.14||1.13||0.83|===|1.21||1.21||1.21||1.21||1.21||1.23||1.23||1.23||1.24||1.24||1.26||1.28||1.3||1.61||5|<===>|50||19||13||71||33||26||42||182||47||45||11||156||194||21|===|73||33||20||16||13||117||104||3||40||8||26||33||30||21||11|   |90||81||78||67||66||69||88||77||84||65||73||72||87||74||90||72||81||87||78||67||77||69||88||65||84||66||73||74||80|    )14, 15, 88, 12
101805038  |1.19||1.19||1.19||1.18||1.18||1.18||1.17||1.16||1.16||1.16||1.16||1.14||1.13||0.83|===|1.21||1.21||1.21||1.21||1.21||1.23||1.23||1.23||1.24||1.24||1.26||1.28||1.3||1.61||5|<===>|50||19||13||71||33||26||42||182||47||45||11||156||194||21|===|73||20||17||16||13||117||104||3||40||8||26||33||30||21||11|   |90||81||78||67||66||69||88||77||84||65||73||72||87||74||90||81||72||87||78||67||77||69||88||65||84||66||73||74||80|    )14, 15, 72, 68
101805052  |1.19||1.19||1.19||1.18||1.18||1.18||1.17||1.16||1.16||1.16||1.16||1.14||1.13||0.83|===|1.21||1.21||1.21||1.21||1.21||1.23||1.23||1.23||1.24||1.24||1.26||1.28||1.3||1.61||5|<===>|50||19||13||71||33||26||42||182||47||45||11||156||194||21|===|73||20||17||16||13||117||104||3||61||8||26||33||30||21||11|   |90||81||78||67||66||69||88||77||84||65||73||72||87||74||90||81||72||87||78||67||77||69||88||65||84||66||73||74||80|    )14, 15, 88, 4
101805059  |1.19||1.19||1.19||1.18||1.18||1.18||1.17||1.16||1.16||1.16||1.16||1.14||1.14||0.83|===|1.21||1.21||1.21||1.21||1.21||1.23||1.23||1.23||1.24||1.24||1.26||1.28||1.3||1.61||5|<===>|50||19||13||71||33||26||42||182||47||45||11||171||156||21|===|73||20||17||16||13||117||104||3||61||8||26||33||30||21||11|   |90||81||78||67||66||69||88||77||84||65||73||87||72||74||90||81||72||87||78||67||77||69||88||65||84||66||73||74||80|    )14, 15, 87, 3
101805072  |1.19||1.19||1.19||1.18||1.18||1.18||1.17||1.16||1.16||1.16||1.16||1.14||1.14||0.83|===|1.21||1.21||1.21||1.21||1.21||1.23||1.23||1.23||1.24||1.24||1.26||1.28||1.3||1.61||5|<===>|50||19||13||71||33||26||42||182||47||45||11||171||156||21|===|73||33||20||16||13||117||104||3||61||8||26||33||30||21||11|   |90||81||78||67||66||69||88||77||84||65||73||87||72||74||90||72||81||87||78||67||77||69||88||65||84||66||73||74||80|    )14, 15, 72, 68
101805208  |1.19||1.19||1.19||1.18||1.18||1.18||1.17||1.16||1.16||1.16||1.16||1.14||1.14||0.83|===|1.21||1.21||1.21||1.21||1.21||1.23||1.23||1.23||1.24||1.24||1.26||1.28||1.3||1.61||5|<===>|50||19||13||71||33||26||42||182||47||45||11||171||156||21|===|73||33||20||16||13||117||104||3||61||12||26||33||30||21||11|   |90||81||78||67||66||69||88||77||84||65||73||87||72||74||90||72||81||87||78||67||77||69||88||65||84||66||73||74||80|    )14, 15, 65, 4
101805382  |1.19||1.19||1.19||1.18||1.18||1.18||1.17||1.16||1.16||1.16||1.16||1.14||1.14||0.83|===|1.21||1.21||1.21||1.21||1.21||1.23||1.23||1.23||1.24||1.24||1.26||1.28||1.3||1.61||5|<===>|50||19||13||71||33||26||42||182||47||45||11||171||156||21|===|73||20||17||16||13||117||104||3||61||12||26||33||30||21||11|   |90||81||78||67||66||69||88||77||84||65||73||87||72||74||90||81||72||87||78||67||77||69||88||65||84||66||73||74||80|    )14, 15, 72, 68
101805383  |1.19||1.19||1.19||1.18||1.18||1.18||1.17||1.16||1.16||1.16||1.16||1.14||1.14||0.83|===|1.21||1.21||1.21||1.21||1.23||1.23||1.23||1.24||1.24||1.25||1.26||1.28||1.3||1.61||5|<===>|50||19||13||71||33||26||42||182||47||45||11||171||156||21|===|73||20||17||13||117||104||3||61||12||186||26||33||30||21||11|   |90||81||78||67||66||69||88||77||84||65||73||87||72||74||90||81||72||78||67||77||69||88||65||87||84||66||73||74||80|    )14, 15, 87, 76
101805422  |1.19||1.19||1.19||1.18||1.18||1.18||1.17||1.16||1.16||1.16||1.16||1.14||1.14||0.83|===|1.21||1.21||1.21||1.21||1.21||1.23||1.23||1.23||1.24||1.24||1.26||1.28||1.3||1.61||5|<===>|50||19||13||71||33||26||42||182||47||45||11||171||156||21|===|73||20||17||16||13||117||104||3||61||12||26||33||30||21||11|   |90||81||78||67||66||69||88||77||84||65||73||87||72||74||90||81||72||87||78||67||77||69||88||65||84||66||73||74||80|    )14, 15, 87, 76
101805453  |1.19||1.19||1.19||1.19||1.18||1.18||1.17||1.16||1.16||1.16||1.16||1.14||1.14||0.83|===|1.21||1.21||1.21||1.21||1.21||1.23||1.23||1.23||1.24||1.24||1.26||1.28||1.3||1.61||5|<===>|50||33||19||13||71||26||42||182||47||45||11||171||156||21|===|73||20||17||16||13||117||104||3||61||12||26||33||30||21||11|   |90||66||81||78||67||69||88||77||84||65||73||87||72||74||90||81||72||87||78||67||77||69||88||65||84||66||73||74||80|    )14, 15, 66, 18
101805454  |1.19||1.19||1.19||1.19||1.18||1.18||1.17||1.16||1.16||1.16||1.16||1.14||1.14||0.83|===|1.21||1.21||1.21||1.21||1.21||1.23||1.23||1.23||1.24||1.24||1.26||1.28||1.3||1.61||5|<===>|50||33||19||13||71||26||42||182||47||45||11||171||156||21|===|72||20||17||16||13||117||104||3||61||12||26||33||30||21||11|   |90||66||81||78||67||69||88||77||84||65||73||87||72||74||90||81||72||87||78||67||77||69||88||65||84||66||73||74||80|    )14, 15, 90, 68
101805463  |1.19||1.19||1.19||1.19||1.18||1.18||1.17||1.16||1.16||1.16||1.16||1.14||1.13||0.83|===|1.21||1.21||1.21||1.21||1.21||1.23||1.23||1.23||1.24||1.24||1.26||1.28||1.3||1.61||5|<===>|50||33||19||13||71||26||42||182||47||45||11||156||232||21|===|72||20||17||16||13||117||104||3||61||12||26||33||30||21||11|   |90||66||81||78||67||69||88||77||84||65||73||72||87||74||90||81||72||87||78||67||77||69||88||65||84||66||73||74||80|    )14, 15, 87, 3
101805492  |1.19||1.19||1.19||1.19||1.18||1.18||1.17||1.16||1.16||1.16||1.16||1.14||1.14||0.83|===|1.21||1.21||1.21||1.21||1.21||1.23||1.23||1.23||1.24||1.24||1.26||1.28||1.3||1.61||5|<===>|50||33||19||13||71||26||42||182||47||45||11||171||156||21|===|72||20||17||16||13||117||104||3||61||12||26||33||30||21||11|   |90||66||81||78||67||69||88||77||84||65||73||87||72||74||90||81||72||87||78||67||77||69||88||65||84||66||73||74||80|    )14, 15, 87, 3
101806338  |1.19||1.19||1.19||1.18||1.18||1.18||1.17||1.16||1.16||1.16||1.16||1.14||1.14||0.83|===|1.21||1.21||1.21||1.21||1.21||1.23||1.23||1.23||1.24||1.24||1.26||1.28||1.3||1.61||5|<===>|50||19||13||71||33||26||42||182||47||45||11||171||156||21|===|72||20||17||16||13||117||104||3||61||12||26||33||30||21||11|   |90||81||78||67||66||69||88||77||84||65||73||87||72||74||90||81||72||87||78||67||77||69||88||65||84||66||73||74||80|    )14, 15, 66, 18
101807584  |1.19||1.19||1.19||1.19||1.18||1.18||1.17||1.16||1.16||1.16||1.16||1.14||1.14||0.83|===|1.21||1.21||1.21||1.21||1.21||1.23||1.23||1.23||1.24||1.24||1.26||1.28||1.3||1.61||5|<===>|50||33||19||13||71||26||42||182||47||45||11||171||156||21|===|72||20||17||16||13||117||104||3||61||12||26||33||30||21||11|   |90||66||81||78||67||69||88||77||84||65||73||87||72||74||90||81||72||87||78||67||77||69||88||65||84||66||73||74||80|    )14, 15, 66, 18
101809578  |1.19||1.19||1.19||1.19||1.18||1.18||1.17||1.16||1.16||1.16||1.16||1.14||1.14||0.83|===|1.21||1.21||1.21||1.21||1.21||1.23||1.23||1.23||1.24||1.24||1.26||1.28||1.3||1.61||5|<===>|50||39||33||13||71||26||42||182||47||45||11||171||156||21|===|72||20||17||16||13||117||104||3||61||12||26||33||30||21||11|   |90||81||66||78||67||69||88||77||84||65||73||87||72||74||90||81||72||87||78||67||77||69||88||65||84||66||73||74||80|    )14, 15, 81, 17
101809579  |1.19||1.19||1.19||1.19||1.19||1.18||1.18||1.17||1.16||1.16||1.16||1.16||1.14||0.83|===|1.21||1.21||1.21||1.21||1.21||1.23||1.23||1.23||1.24||1.24||1.26||1.28||1.3||1.61||5|<===>|50||39||33||16||13||71||26||42||182||47||45||11||171||21|===|72||20||17||16||13||117||104||3||61||12||26||33||30||21||11|   |90||81||66||72||78||67||69||88||77||84||65||73||87||74||90||81||72||87||78||67||77||69||88||65||84||66||73||74||80|    )14, 15, 72, 19
101809579  |1.19||1.19||1.19||1.19||1.19||1.18||1.18||1.17||1.16||1.16||1.16||1.16||1.14||0.83|===|1.21||1.21||1.21||1.21||1.21||1.23||1.23||1.23||1.24||1.24||1.26||1.28||1.3||1.61||5|<===>|50||43||39||33||13||71||26||42||182||47||45||11||171||21|===|72||20||16||13||12||117||104||3||61||12||26||33||30||21||11|   |90||72||81||66||78||67||69||88||77||84||65||73||87||74||90||81||87||78||72||67||77||69||88||65||84||66||73||74||80|    )14, 15, 72, 85
101809581  |1.19||1.19||1.19||1.19||1.19||1.19||1.18||1.18||1.17||1.16||1.16||1.16||1.16||0.83|===|1.21||1.21||1.21||1.21||1.21||1.23||1.23||1.23||1.24||1.24||1.26||1.28||1.3||1.61||5|<===>|50||43||39||33||16||13||71||26||42||182||47||45||11||21|===|72||20||16||13||12||117||104||3||61||12||26||33||30||21||11|   |90||72||81||66||87||78||67||69||88||77||84||65||73||74||90||81||87||78||72||67||77||69||88||65||84||66||73||74||80|    )14, 15, 87, 19
101809613  |1.19||1.19||1.19||1.19||1.19||1.19||1.18||1.18||1.17||1.16||1.16||1.16||1.16||0.83|===|1.21||1.21||1.21||1.21||1.21||1.23||1.23||1.23||1.24||1.24||1.26||1.28||1.3||1.61||5|<===>|50||43||33||19||16||13||71||26||42||182||47||45||11||21|===|72||20||16||13||12||117||104||3||61||12||26||33||30||21||11|   |90||72||66||81||87||78||67||69||88||77||84||65||73||74||90||81||87||78||72||67||77||69||88||65||84||66||73||74||80|    )14, 15, 81, 17
101809637  |1.19||1.19||1.19||1.19||1.19||1.19||1.18||1.18||1.17||1.16||1.16||1.16||1.16||0.83|===|1.21||1.21||1.21||1.21||1.21||1.23||1.23||1.23||1.24||1.24||1.26||1.28||1.3||1.61||5|<===>|50||43||33||19||16||13||71||26||42||182||47||45||11||21|===|72||20||16||13||12||120||117||3||61||12||26||33||30||21||11|   |90||72||66||81||87||78||67||69||88||77||84||65||73||74||90||81||87||78||72||77||67||69||88||65||84||66||73||74||80|    )14, 15, 77, 4
101809646  |1.19||1.19||1.19||1.19||1.19||1.19||1.18||1.18||1.17||1.16||1.16||1.16||1.16||0.83|===|1.21||1.21||1.21||1.21||1.21||1.23||1.23||1.23||1.24||1.24||1.26||1.28||1.3||1.61||5|<===>|50||43||33||19||16||13||71||26||42||182||47||45||11||21|===|72||28||20||16||13||120||117||3||61||12||26||33||30||21||11|   |90||72||66||81||87||78||67||69||88||77||84||65||73||74||90||72||81||87||78||77||67||69||88||65||84||66||73||74||80|    )14, 15, 72, 68
101809806  |1.19||1.19||1.19||1.19||1.19||1.19||1.18||1.18||1.17||1.17||1.16||1.16||1.16||0.83|===|1.21||1.21||1.21||1.21||1.21||1.23||1.23||1.23||1.24||1.24||1.26||1.28||1.3||1.61||5|<===>|50||43||33||19||16||13||71||26||42||8||182||47||11||21|===|72||28||20||16||13||120||117||3||61||12||26||33||30||21||11|   |90||72||66||81||87||78||67||69||88||65||77||84||73||74||90||72||81||87||78||77||67||69||88||65||84||66||73||74||80|    )14, 15, 65, 3
101812048  |1.19||1.19||1.19||1.19||1.19||1.19||1.18||1.18||1.17||1.17||1.16||1.16||1.16||0.83|===|1.21||1.21||1.21||1.21||1.21||1.23||1.23||1.23||1.24||1.24||1.26||1.28||1.3||1.61||5|<===>|50||43||39||33||16||13||71||26||42||8||182||47||11||21|===|72||28||20||16||13||120||117||3||61||12||26||33||30||21||11|   |90||72||81||66||87||78||67||69||88||65||77||84||73||74||90||72||81||87||78||77||67||69||88||65||84||66||73||74||80|    )14, 15, 81, 17
101812048  |1.19||1.19||1.19||1.19||1.19||1.19||1.18||1.18||1.17||1.17||1.16||1.16||1.16||0.83|===|1.21||1.21||1.21||1.21||1.21||1.23||1.23||1.23||1.24||1.24||1.26||1.28||1.3||1.61||5|<===>|50||43||39||33||16||13||71||26||42||8||182||47||11||21|===|72||20||16||13||12||120||117||3||61||12||26||33||30||21||11|   |90||72||81||66||87||78||67||69||88||65||77||84||73||74||90||81||87||78||72||77||67||69||88||65||84||66||73||74||80|    )14, 15, 72, 68
101812048  |1.19||1.19||1.19||1.19||1.19||1.19||1.18||1.18||1.17||1.17||1.16||1.16||1.16||0.83|===|1.21||1.21||1.21||1.21||1.21||1.23||1.23||1.23||1.24||1.24||1.26||1.28||1.3||1.61||5|<===>|50||43||33||19||16||13||71||26||42||8||182||47||11||21|===|72||20||16||13||12||120||117||3||61||12||26||33||30||21||11|   |90||72||66||81||87||78||67||69||88||65||77||84||73||74||90||81||87||78||72||77||67||69||88||65||84||66||73||74||80|    )14, 15, 81, 17
101812049  |1.19||1.19||1.19||1.19||1.19||1.19||1.18||1.18||1.17||1.17||1.16||1.16||1.16||0.83|===|1.21||1.21||1.21||1.21||1.21||1.23||1.23||1.23||1.24||1.24||1.26||1.28||1.3||1.61||5|<===>|50||43||33||19||16||13||71||26||42||8||182||47||11||21|===|72||28||20||16||13||120||117||3||61||12||26||33||30||21||11|   |90||72||66||81||87||78||67||69||88||65||77||84||73||74||90||72||81||87||78||77||67||69||88||65||84||66||73||74||80|    )14, 15, 72, 68
101813332  |1.19||1.19||1.19||1.19||1.19||1.19||1.18||1.18||1.17||1.17||1.16||1.16||1.16||0.83|===|1.21||1.21||1.21||1.21||1.21||1.23||1.23||1.23||1.24||1.24||1.26||1.28||1.3||1.61||5|<===>|50||43||39||33||16||13||71||26||42||8||182||47||11||21|===|72||28||20||16||13||120||117||3||61||12||26||33||30||21||11|   |90||72||81||66||87||78||67||69||88||65||77||84||73||74||90||72||81||87||78||77||67||69||88||65||84||66||73||74||80|    )14, 15, 81, 17
101813361  |1.19||1.19||1.19||1.19||1.19||1.19||1.18||1.18||1.17||1.17||1.16||1.16||1.16||0.83|===|1.21||1.21||1.21||1.21||1.21||1.23||1.23||1.23||1.24||1.24||1.26||1.28||1.3||1.61||5|<===>|50||43||39||33||16||13||71||26||42||8||182||47||11||21|===|72||28||19||16||13||120||117||3||61||12||26||33||30||21||11|   |90||72||81||66||87||78||67||69||88||65||77||84||73||74||90||72||81||87||78||77||67||69||88||65||84||66||73||74||80|    )14, 15, 81, 68
101813457  |1.19||1.19||1.19||1.19||1.19||1.19||1.18||1.18||1.17||1.17||1.16||1.16||1.16||0.83|===|1.21||1.21||1.21||1.21||1.23||1.23||1.23||1.24||1.24||1.25||1.26||1.28||1.3||1.61||5|<===>|50||43||39||33||16||13||71||26||42||8||182||47||11||21|===|72||28||19||16||120||117||3||61||12||1||26||33||30||21||11|   |90||72||81||66||87||78||67||69||88||65||77||84||73||74||90||72||81||87||77||67||69||88||65||78||84||66||73||74||80|    )14, 15, 78, 76
101813457  |1.19||1.19||1.19||1.19||1.19||1.19||1.18||1.18||1.17||1.17||1.16||1.16||1.16||0.83|===|1.21||1.21||1.21||1.21||1.23||1.23||1.23||1.24||1.24||1.25||1.26||1.28||1.3||1.61||5|<===>|56||50||39||33||16||13||71||26||42||8||182||47||11||21|===|72||19||16||16||120||117||3||61||12||1||26||33||30||21||11|   |72||90||81||66||87||78||67||69||88||65||77||84||73||74||90||81||72||87||77||67||69||88||65||78||84||66||73||74||80|    )14, 15, 72, 85
101813458  |1.19||1.19||1.19||1.19||1.19||1.19||1.18||1.18||1.17||1.17||1.16||1.16||1.16||0.83|===|1.21||1.21||1.21||1.21||1.23||1.23||1.23||1.24||1.24||1.25||1.26||1.28||1.3||1.61||5|<===>|56||50||39||33||16||13||71||26||42||8||182||47||11||21|===|72||19||16||16||120||117||3||61||12||14||26||33||30||21||11|   |72||90||81||66||87||78||67||69||88||65||77||84||73||74||90||81||72||87||77||67||69||88||65||78||84||66||73||74||80|    )14, 15, 78, 4
101813458  |1.19||1.19||1.19||1.19||1.19||1.19||1.18||1.18||1.17||1.17||1.16||1.16||1.16||0.83|===|1.21||1.21||1.21||1.22||1.23||1.23||1.23||1.24||1.24||1.25||1.26||1.28||1.3||1.61||5|<===>|56||50||39||33||16||13||71||26||42||8||182||47||11||21|===|72||16||16||1||120||117||3||61||12||14||26||33||30||21||11|   |72||90||81||66||87||78||67||69||88||65||77||84||73||74||90||72||87||81||77||67||69||88||65||78||84||66||73||74||80|    )14, 15, 81, 76
101813458  |1.19||1.19||1.19||1.19||1.19||1.19||1.18||1.18||1.17||1.17||1.16||1.16||1.16||0.83|===|1.21||1.21||1.21||1.22||1.23||1.23||1.23||1.24||1.24||1.25||1.26||1.28||1.3||1.61||5|<===>|56||50||39||33||16||13||71||26||42||8||182||47||11||21|===|72||16||16||20||120||117||3||61||12||14||26||33||30||21||11|   |72||90||81||66||87||78||67||69||88||65||77||84||73||74||90||72||87||81||77||67||69||88||65||78||84||66||73||74||80|    )14, 15, 81, 4
101813510  |1.19||1.19||1.19||1.19||1.19||1.19||1.18||1.18||1.17||1.17||1.16||1.16||1.16||0.83|===|1.21||1.21||1.22||1.23||1.23||1.23||1.24||1.24||1.25||1.26||1.28||1.3||1.3||1.61||5|<===>|56||50||39||33||16||13||71||26||42||8||182||47||11||21|===|72||16||20||120||117||3||61||12||14||26||33||48||30||21||11|   |72||90||81||66||87||78||67||69||88||65||77||84||73||74||90||87||81||77||67||69||88||65||78||84||66||72||73||74||80|    )14, 15, 72, 76
101813510  |1.19||1.19||1.19||1.19||1.19||1.19||1.18||1.18||1.17||1.17||1.16||1.16||1.16||0.83|===|1.21||1.21||1.22||1.23||1.23||1.23||1.24||1.24||1.25||1.26||1.28||1.3||1.3||1.61||5|<===>|56||50||39||33||16||13||71||26||42||8||182||47||11||21|===|72||16||20||120||117||3||61||12||14||26||33||168||30||21||11|   |72||90||81||66||87||78||67||69||88||65||77||84||73||74||90||87||81||77||67||69||88||65||78||84||66||72||73||74||80|    )14, 15, 72, 4
101813526  |1.19||1.19||1.19||1.19||1.19||1.19||1.18||1.18||1.17||1.17||1.16||1.16||1.16||0.83|===|1.21||1.22||1.23||1.23||1.23||1.24||1.24||1.25||1.25||1.26||1.28||1.3||1.3||1.61||5|<===>|56||50||39||33||16||13||71||26||42||8||182||47||11||21|===|72||20||120||117||3||61||12||177||14||26||33||168||30||21||11|   |72||90||81||66||87||78||67||69||88||65||77||84||73||74||90||81||77||67||69||88||65||87||78||84||66||72||73||74||80|    )14, 15, 87, 76
101813575  |1.19||1.19||1.19||1.19||1.19||1.19||1.18||1.18||1.17||1.17||1.16||1.16||1.16||0.83|===|1.21||1.22||1.23||1.23||1.23||1.24||1.24||1.25||1.25||1.26||1.28||1.3||1.3||1.61||5|<===>|56||50||39||33||16||13||71||26||42||8||182||47||11||21|===|72||20||120||117||3||21||12||177||14||26||33||168||30||21||11|   |72||90||81||66||87||78||67||69||88||65||77||84||73||74||90||81||77||67||69||88||65||87||