101528405  |1.22||1.22||1.22||1.22||1.22||1.22||1.21||1.21||1.21||1.21||1.2||1.2||1.2||1.19|===|1.24||1.24||1.24||1.24||1.25||1.25||1.27||1.27||1.27||1.28||1.28||1.28||1.3||1.31||5|<===>|80||55||38||33||16||13||18||13||2||2||20||16||7||31|===|72||18||13||10||81||21||191||190||10||32||29||4||33||27||11|   |90||72||81||66||87||78||84||77||67||69||74||73||65||88||90||81||78||87||72||74||77||67||65||88||84||69||66||73||80|    )14, 15, 74, 4
101529505  |1.22||1.22||1.22||1.22||1.22||1.22||1.21||1.21||1.21||1.21||1.2||1.2||1.2||1.19|===|1.24||1.24||1.24||1.24||1.25||1.25||1.27||1.27||1.27||1.28||1.28||1.28||1.3||1.31||5|<===>|80||55||38||33||16||13||18||13||2||2||20||16||7||31|===|72||18||13||10||81||31||191||190||10||32||29||4||33||27||11|   |90||72||81||66||87||78||84||77||67||69||74||73||65||88||90||81||78||87||72||74||77||67||65||88||84||69||66||73||80|    )14, 15, 74, 4
101529683  |1.22||1.22||1.22||1.22||1.22||1.22||1.21||1.21||1.21||1.21||1.2||1.2||1.2||1.19|===|1.24||1.24||1.24||1.24||1.25||1.25||1.27||1.27||1.27||1.28||1.28||1.28||1.3||1.31||5|<===>|80||55||38||33||16||13||18||13||2||2||20||16||7||31|===|72||28||13||10||81||31||191||190||10||32||29||4||33||27||11|   |90||72||81||66||87||78||84||77||67||69||74||73||65||88||90||81||78||87||72||74||77||67||65||88||84||69||66||73||80|    )14, 15, 81, 68
101530716  |1.22||1.22||1.22||1.22||1.22||1.22||1.21||1.21||1.21||1.21||1.2||1.2||1.2||1.19|===|1.24||1.24||1.24||1.24||1.25||1.25||1.27||1.27||1.27||1.28||1.28||1.28||1.3||1.31||5|<===>|80||55||38||33||16||13||18||13||2||2||20||16||7||31|===|72||28||18||10||81||31||191||190||10||32||29||4||33||27||11|   |90||72||81||66||87||78||84||77||67||69||74||73||65||88||90||81||78||87||72||74||77||67||65||88||84||69||66||73||80|    )14, 15, 78, 68
101530720  |1.22||1.22||1.22||1.22||1.22||1.22||1.21||1.21||1.21||1.21||1.2||1.2||1.2||1.19|===|1.24||1.24||1.24||1.24||1.24||1.25||1.25||1.27||1.27||1.27||1.28||1.28||1.28||1.3||1.31|<===>|80||55||38||33||16||13||18||13||2||2||20||16||7||31|===|72||28||18||10||10||81||31||191||190||10||32||29||4||33||27|   |90||72||81||66||87||78||84||77||67||69||74||73||65||88||90||81||78||80||87||72||74||77||67||65||88||84||69||66||73|    )14, 15, 80, 76
101530745  |1.22||1.22||1.22||1.22||1.22||1.22||1.21||1.21||1.21||1.21||1.2||1.2||1.2||1.19|===|1.24||1.24||1.24||1.24||1.24||1.24||1.25||1.27||1.27||1.27||1.28||1.28||1.28||1.3||1.31|<===>|80||55||38||33||16||13||18||13||2||2||20||16||7||31|===|72||28||18||16||10||10||31||191||190||10||32||29||4||33||27|   |90||72||81||66||87||78||84||77||67||69||74||73||65||88||90||81||78||72||80||87||74||77||67||65||88||84||69||66||73|    )14, 15, 72, 76
101530746  |1.22||1.22||1.22||1.22||1.22||1.22||1.21||1.21||1.21||1.21||1.2||1.2||1.2||1.19|===|1.24||1.24||1.24||1.24||1.24||1.24||1.25||1.27||1.27||1.27||1.28||1.28||1.28||1.3||1.31|<===>|80||63||38||33||16||13||18||13||2||2||20||16||7||31|===|72||28||18||16||10||10||31||191||190||10||32||29||4||33||27|   |90||72||81||66||87||78||84||77||67||69||74||73||65||88||90||81||78||72||80||87||74||77||67||65||88||84||69||66||73|    )14, 15, 72, 17
101531093  |1.22||1.22||1.22||1.22||1.22||1.22||1.21||1.21||1.21||1.21||1.2||1.2||1.2||1.19|===|1.24||1.24||1.24||1.24||1.24||1.24||1.25||1.27||1.27||1.27||1.28||1.28||1.28||1.3||1.31|<===>|80||63||38||33||16||13||18||13||2||2||20||16||7||31|===|72||28||18||16||12||10||31||191||190||10||32||29||4||33||27|   |90||72||81||66||87||78||84||77||67||69||74||73||65||88||90||81||78||72||87||80||74||77||67||65||88||84||69||66||73|    )14, 15, 87, 68
101531591  |1.22||1.22||1.22||1.22||1.22||1.22||1.21||1.21||1.21||1.21||1.2||1.2||1.2||1.19|===|1.24||1.24||1.24||1.24||1.24||1.24||1.25||1.27||1.27||1.27||1.28||1.28||1.28||1.3||1.31|<===>|80||63||38||33||16||13||18||13||2||2||20||16||7||31|===|72||28||16||13||12||10||31||191||190||10||32||29||4||33||27|   |90||72||81||66||87||78||84||77||67||69||74||73||65||88||90||81||72||78||87||80||74||77||67||65||88||84||69||66||73|    )14, 15, 78, 68
101531597  |1.22||1.22||1.22||1.22||1.22||1.22||1.21||1.21||1.21||1.21||1.2||1.2||1.2||1.19|===|1.24||1.24||1.24||1.24||1.24||1.24||1.25||1.27||1.27||1.27||1.28||1.28||1.28||1.3||1.31|<===>|80||63||38||33||16||13||18||13||2||2||20||16||7||31|===|72||18||16||13||12||10||31||191||190||10||32||29||4||33||27|   |90||72||81||66||87||78||84||77||67||69||74||73||65||88||90||81||72||78||87||80||74||77||67||65||88||84||69||66||73|    )14, 15, 81, 68
101531600  |1.22||1.22||1.22||1.22||1.22||1.22||1.21||1.21||1.21||1.21||1.2||1.2||1.2||1.19|===|1.24||1.24||1.24||1.24||1.24||1.25||1.27||1.27||1.27||1.28||1.28||1.28||1.3||1.31||5|<===>|80||63||38||33||16||13||18||13||2||2||20||16||7||31|===|72||18||16||13||12||31||191||190||10||32||29||4||33||27||11|   |90||72||81||66||87||78||84||77||67||69||74||73||65||88||90||81||72||78||87||74||77||67||65||88||84||69||66||73||80|    )14, 15, 80, 76
101531601  |1.22||1.22||1.22||1.22||1.22||1.22||1.21||1.21||1.21||1.21||1.2||1.2||1.2||1.19|===|1.24||1.24||1.24||1.24||1.24||1.25||1.27||1.27||1.27||1.28||1.28||1.28||1.3||1.31||5|<===>|80||63||38||33||16||13||18||13||2||2||20||16||7||31|===|72||18||16||13||12||21||191||190||10||32||29||4||33||27||11|   |90||72||81||66||87||78||84||77||67||69||74||73||65||88||90||81||72||78||87||74||77||67||65||88||84||69||66||73||80|    )14, 15, 74, 4
101531602  |1.22||1.22||1.22||1.22||1.22||1.22||1.21||1.21||1.21||1.21||1.2||1.2||1.2||1.19|===|1.24||1.24||1.24||1.24||1.24||1.25||1.27||1.27||1.27||1.28||1.28||1.28||1.3||1.31||5|<===>|80||63||38||33||16||13||18||13||2||2||20||16||7||31|===|72||18||16||13||10||21||191||190||10||32||29||4||33||27||11|   |90||72||81||66||87||78||84||77||67||69||74||73||65||88||90||81||72||78||87||74||77||67||65||88||84||69||66||73||80|    )14, 15, 87, 68
101531603  |1.22||1.22||1.22||1.22||1.22||1.22||1.21||1.21||1.21||1.21||1.2||1.2||1.2||1.19|===|1.24||1.24||1.24||1.24||1.25||1.25||1.27||1.27||1.27||1.28||1.28||1.28||1.3||1.31||5|<===>|80||63||38||33||16||13||18||13||2||2||20||16||7||31|===|72||18||13||10||25||21||191||190||10||32||29||4||33||27||11|   |90||72||81||66||87||78||84||77||67||69||74||73||65||88||90||81||78||87||72||74||77||67||65||88||84||69||66||73||80|    )14, 15, 72, 76
101531603  |1.22||1.22||1.22||1.22||1.22||1.22||1.21||1.21||1.21||1.21||1.2||1.2||1.2||1.19|===|1.24||1.24||1.24||1.24||1.25||1.25||1.27||1.27||1.27||1.28||1.28||1.28||1.3||1.31||5|<===>|80||63||38||33||16||13||18||13||2||2||20||16||7||31|===|72||18||13||10||81||21||191||190||10||32||29||4||33||27||11|   |90||72||81||66||87||78||84||77||67||69||74||73||65||88||90||81||78||87||72||74||77||67||65||88||84||69||66||73||80|    )14, 15, 72, 4
101533735  |1.22||1.22||1.22||1.22||1.22||1.22||1.21||1.21||1.21||1.21||1.2||1.2||1.2||1.19|===|1.24||1.24||1.24||1.24||1.25||1.25||1.27||1.27||1.27||1.28||1.28||1.28||1.3||1.31||5|<===>|63||50||38||33||16||13||18||13||2||2||20||16||7||31|===|72||18||13||10||81||21||191||190||10||32||29||4||33||27||11|   |72||90||81||66||87||78||84||77||67||69||74||73||65||88||90||81||78||87||72||74||77||67||65||88||84||69||66||73||80|    )14, 15, 90, 17
101533736  |1.22||1.22||1.22||1.22||1.22||1.22||1.21||1.21||1.21||1.21||1.2||1.2||1.2||1.19|===|1.24||1.24||1.24||1.24||1.25||1.25||1.27||1.27||1.27||1.28||1.28||1.28||1.3||1.31||5|<===>|80||63||38||33||16||13||18||13||2||2||20||16||7||31|===|72||18||13||10||81||21||191||190||10||32||29||4||33||27||11|   |90||72||81||66||87||78||84||77||67||69||74||73||65||88||90||81||78||87||72||74||77||67||65||88||84||69||66||73||80|    )14, 15, 90, 17
101533737  |1.22||1.22||1.22||1.22||1.22||1.22||1.21||1.21||1.21||1.21||1.2||1.2||1.2||1.19|===|1.24||1.24||1.24||1.25||1.25||1.27||1.27||1.27||1.28||1.28||1.28||1.29||1.3||1.31||5|<===>|80||63||38||33||16||13||18||13||2||2||20||16||7||31|===|72||18||13||81||21||191||190||10||32||29||4||99||33||27||11|   |90||72||81||66||87||78||84||77||67||69||74||73||65||88||90||81||78||72||74||77||67||65||88||84||69||87||66||73||80|    )14, 15, 87, 76
101533740  |1.22||1.22||1.22||1.22||1.22||1.22||1.21||1.21||1.21||1.21||1.2||1.2||1.2||1.19|===|1.24||1.24||1.24||1.25||1.25||1.27||1.27||1.27||1.28||1.28||1.28||1.29||1.3||1.31||5|<===>|80||63||38||33||16||13||18||13||2||2||20||16||7||31|===|72||18||18||81||21||191||190||10||32||29||4||99||33||27||11|   |90||72||81||66||87||78||84||77||67||69||74||73||65||88||90||78||81||72||74||77||67||65||88||84||69||87||66||73||80|    )14, 15, 78, 68
101533741  |1.22||1.22||1.22||1.22||1.22||1.22||1.21||1.21||1.21||1.21||1.2||1.2||1.2||1.19|===|1.24||1.24||1.24||1.25||1.25||1.27||1.27||1.27||1.28||1.28||1.28||1.29||1.3||1.31||5|<===>|80||63||38||33||16||13||18||13||2||2||20||16||7||31|===|72||18||18||81||31||191||190||10||32||29||4||99||33||27||11|   |90||72||81||66||87||78||84||77||67||69||74||73||65||88||90||78||81||72||74||77||67||65||88||84||69||87||66||73||80|    )14, 15, 74, 4
101533743  |1.22||1.22||1.22||1.22||1.22||1.22||1.21||1.21||1.21||1.21||1.2||1.2||1.2||1.19|===|1.24||1.24||1.24||1.25||1.25||1.27||1.27||1.27||1.28||1.28||1.28||1.29||1.3||1.31||5|<===>|80||63||38||33||16||13||18||13||2||2||20||16||7||31|===|72||18||13||81||31||191||190||10||32||29||4||99||33||27||11|   |90||72||81||66||87||78||84||77||67||69||74||73||65||88||90||81||78||72||74||77||67||65||88||84||69||87||66||73||80|    )14, 15, 78, 68
101533743  |1.22||1.22||1.22||1.22||1.22||1.22||1.21||1.21||1.21||1.21||1.2||1.2||1.2||1.19|===|1.24||1.24||1.24||1.25||1.25||1.27||1.27||1.27||1.28||1.28||1.28||1.29||1.3||1.31||5|<===>|80||63||38||33||16||13||18||13||2||2||20||16||7||31|===|72||28||13||81||31||191||190||10||32||29||4||99||33||27||11|   |90||72||81||66||87||78||84||77||67||69||74||73||65||88||90||81||78||72||74||77||67||65||88||84||69||87||66||73||80|    )14, 15, 81, 68
101533750  |1.22||1.22||1.22||1.22||1.22||1.22||1.21||1.21||1.21||1.21||1.2||1.2||1.2||1.19|===|1.24||1.24||1.24||1.25||1.25||1.27||1.27||1.27||1.28||1.28||1.28||1.29||1.3||1.31||5|<===>|80||63||38||33||16||13||18||13||2||2||20||16||7||31|===|72||18||13||81||31||191||190||10||32||29||4||99||33||27||11|   |90||72||81||66||87||78||84||77||67||69||74||73||65||88||90||81||78||72||74||77||67||65||88||84||69||87||66||73||80|    )14, 15, 81, 68
101533778  |1.22||1.22||1.22||1.22||1.22||1.22||1.22||1.21||1.21||1.21||1.2||1.2||1.2||1.19|===|1.24||1.24||1.24||1.25||1.25||1.27||1.27||1.27||1.28||1.28||1.28||1.29||1.3||1.31||5|<===>|80||63||38||33||16||16||13||18||13||2||20||16||7||31|===|72||18||13||81||31||191||190||10||32||29||4||99||33||27||11|   |90||72||81||66||67||87||78||84||77||69||74||73||65||88||90||81||78||72||74||77||67||65||88||84||69||87||66||73||80|    )14, 15, 67, 19
101533782  |1.22||1.22||1.22||1.22||1.22||1.22||1.22||1.22||1.21||1.21||1.21||1.2||1.2||1.2|===|1.24||1.24||1.24||1.25||1.25||1.27||1.27||1.27||1.28||1.28||1.28||1.29||1.3||1.31||5|<===>|80||63||38||33||16||16||16||13||18||13||2||20||16||7|===|72||18||13||81||31||191||190||10||32||29||4||99||33||27||11|   |90||72||81||66||88||67||87||78||84||77||69||74||73||65||90||81||78||72||74||77||67||65||88||84||69||87||66||73||80|    )14, 15, 88, 19
101533786  |1.22||1.22||1.22||1.22||1.22||1.22||1.22||1.22||1.22||1.21||1.21||1.21||1.2||1.2|===|1.24||1.24||1.24||1.25||1.25||1.27||1.27||1.27||1.28||1.28||1.28||1.29||1.3||1.31||5|<===>|80||63||38||33||16||16||16||13||10||18||13||2||20||16|===|72||18||13||81||31||191||190||10||32||29||4||99||33||27||11|   |90||72||81||66||88||67||87||78||65||84||77||69||74||73||90||81||78||72||74||77||67||65||88||84||69||87||66||73||80|    )14, 15, 65, 19
101533789  |1.22||1.22||1.22||1.22||1.22||1.22||1.22||1.22||1.22||1.21||1.21||1.21||1.2||1.2|===|1.24||1.24||1.24||1.25||1.25||1.27||1.27||1.27||1.28||1.28||1.28||1.29||1.3||1.31||5|<===>|80||63||38||33||29||16||16||13||10||18||13||2||20||16|===|72||18||13||81||31||191||190||10||32||29||4||99||33||27||11|   |90||72||81||66||67||88||87||78||65||84||77||69||74||73||90||81||78||72||74||77||67||65||88||84||69||87||66||73||80|    )14, 15, 67, 17
101533792  |1.22||1.22||1.22||1.22||1.22||1.22||1.22||1.22||1.22||1.22||1.21||1.21||1.2||1.2|===|1.24||1.24||1.24||1.25||1.25||1.27||1.27||1.27||1.28||1.28||1.28||1.29||1.3||1.31||5|<===>|80||63||38||33||29||16||16||13||10||1||13||2||20||16|===|72||18||13||81||31||191||190||10||32||29||4||99||33||27||11|   |90||72||81||66||67||88||87||78||65||84||77||69||74||73||90||81||78||72||74||77||67||65||88||84||69||87||66||73||80|    )14, 15, 84, 19
101533792  |1.22||1.22||1.22||1.22||1.22||1.22||1.22||1.22||1.22||1.22||1.22||1.21||1.2||1.2|===|1.24||1.24||1.24||1.25||1.25||1.27||1.27||1.27||1.28||1.28||1.28||1.29||1.3||1.31||5|<===>|80||63||38||33||29||16||16||16||13||10||1||13||20||16|===|72||18||13||81||31||191||190||10||32||29||4||99||33||27||11|   |90||72||81||66||67||69||88||87||78||65||84||77||74||73||90||81||78||72||74||77||67||65||88||84||69||87||66||73||80|    )14, 15, 69, 19
101533794  |1.22||1.22||1.22||1.22||1.22||1.22||1.22||1.22||1.22||1.22||1.22||1.22||1.21||1.2|===|1.24||1.24||1.24||1.25||1.25||1.27||1.27||1.27||1.28||1.28||1.28||1.29||1.3||1.31||5|<===>|80||63||38||33||29||16||16||16||13||10||10||1||13||20|===|72||18||13||81||31||191||190||10||32||29||4||99||33||27||11|   |90||72||81||66||67||69||88||87||78||73||65||84||77||74||90||81||78||72||74||77||67||65||88||84||69||87||66||73||80|    )14, 15, 73, 19
101533794  |1.22||1.22||1.22||1.22||1.22||1.22||1.22||1.22||1.22||1.22||1.22||1.22||1.22||1.2|===|1.24||1.24||1.24||1.25||1.25||1.27||1.27||1.27||1.28||1.28||1.28||1.29||1.3||1.31||5|<===>|80||63||38||33||29||16||16||16||13||10||10||10||1||20|===|72||18||13||81||31||191||190||10||32||29||4||99||33||27||11|   |90||72||81||66||67||69||88||87||78||77||73||65||84||74||90||81||78||72||74||77||67||65||88||84||69||87||66||73||80|    )14, 15, 77, 19
101533797  |1.22||1.22||1.22||1.22||1.22||1.22||1.22||1.22||1.22||1.22||1.22||1.22||1.22||1.22|===|1.24||1.24||1.24||1.25||1.25||1.27||1.27||1.27||1.28||1.28||1.28||1.29||1.3||1.31||5|<===>|80||63||38||33||29||16||16||16||13||10||10||10||10||1|===|72||18||13||81||31||191||190||10||32||29||4||99||33||27||11|   |90||72||81||66||67||69||88||87||78||74||77||73||65||84||90||81||78||72||74||77||67||65||88||84||69||87||66||73||80|    )14, 15, 74, 19
101533819  |1.22||1.22||1.22||1.22||1.22||1.22||1.22||1.22||1.22||1.22||1.22||1.22||1.22||1.22|===|1.24||1.24||1.24||1.25||1.25||1.27||1.27||1.27||1.28||1.28||1.28||1.29||1.3||1.31||5|<===>|80||63||38||33||29||16||16||16||13||10||10||10||10||1|===|72||18||13||81||21||191||190||10||32||29||4||99||33||27||11|   |90||72||81||66||67||69||88||87||78||74||77||73||65||84||90||81||78||72||74||77||67||65||88||84||69||87||66||73||80|    )14, 15, 74, 4
101534396  |1.22||1.22||1.22||1.22||1.22||1.22||1.22||1.22||1.22||1.22||1.22||1.22||1.22||1.22|===|1.24||1.24||1.25||1.25||1.26||1.27||1.27||1.27||1.28||1.28||1.28||1.29||1.3||1.31||5|<===>|80||63||38||33||29||16||16||16||13||10||10||10||10||1|===|72||13||81||21||20||191||190||10||32||29||4||99||33||27||11|   |90||72||81||66||67||69||88||87||78||74||77||73||65||84||90||78||72||74||81||77||67||65||88||84||69||87||66||73||80|    )14, 15, 81, 76
101534396  |1.22||1.22||1.22||1.22||1.22||1.22||1.22||1.22||1.22||1.22||1.22||1.22||1.22||1.22|===|1.24||1.24||1.25||1.25||1.25||1.27||1.27||1.27||1.28||1.28||1.28||1.29||1.3||1.31||5|<===>|80||63||38||33||29||16||16||16||13||10||10||10||10||1|===|72||13||81||21||18||191||190||10||32||29||4||99||33||27||11|   |90||72||81||66||67||69||88||87||78||74||77||73||65||84||90||78||72||74||81||77||67||65||88||84||69||87||66||73||80|    )14, 15, 81, 12
101534399  |1.22||1.22||1.22||1.22||1.22||1.22||1.22||1.22||1.22||1.22||1.22||1.22||1.22||1.22|===|1.24||1.24||1.25||1.25||1.25||1.27||1.27||1.27||1.28||1.28||1.28||1.29||1.3||1.31||5|<===>|80||63||38||33||29||16||16||16||13||10||10||10||10||1|===|50||13||81||21||18||191||190||10||32||29||4||99||33||27||11|   |90||72||81||66||67||69||88||87||78||74||77||73||65||84||90||78||72||74||81||77||67||65||88||84||69||87||66||73||80|    )14, 15, 90, 68
101534399  |1.22||1.22||1.22||1.22||1.22||1.22||1.22||1.22||1.22||1.22||1.22||1.22||1.22||1.22|===|1.24||1.24||1.25||1.25||1.25||1.27||1.27||1.27||1.28||1.28||1.28||1.29||1.3||1.31||5|<===>|80||63||38||33||29||16||16||16||13||10||10||10||10||1|===|50||13||81||18||10||191||190||10||32||29||4||99||33||27||11|   |90||72||81||66||67||69||88||87||78||74||77||73||65||84||90||78||72||81||74||77||67||65||88||84||69||87||66||73||80|    )14, 15, 74, 4
101534399  |1.22||1.22||1.22||1.22||1.22||1.22||1.22||1.22||1.22||1.22||1.22||1.22||1.22||1.22|===|1.24||1.25||1.25||1.25||1.25||1.27||1.27||1.27||1.28||1.28||1.28||1.29||1.3||1.31||5|<===>|80||63||38||33||29||16||16||16||13||10||10||10||10||1|===|13||81||61||18||10||191||190||10||32||29||4||99||33||27||11|   |90||72||81||66||67||69||88||87||78||74||77||73||65||84||78||72||90||81||74||77||67||65||88||84||69||87||66||73||80|    )14, 15, 90, 76
101534400  |1.22||1.22||1.22||1.22||1.22||1.22||1.22||1.22||1.22||1.22||1.22||1.22||1.22||1.22|===|1.24||1.25||1.25||1.25||1.27||1.27||1.27||1.28||1.28||1.28||1.29||1.3||1.31||1.62||5|<===>|80||63||38||33||29||16||16||16||13||10||10||10||10||1|===|13||81||61||18||191||190||10||32||29||4||99||33||27||10||11|   |90||72||81||66||67||69||88||87||78||74||77||73||65||84||78||72||90||81||77||67||65||88||84||69||87||66||73||74||80|    )14, 15, 74, 8
101534402  |1.22||1.22||1.22||1.22||1.22||1.22||1.22||1.22||1.22||1.22||1.22||1.22||1.22||1.22|===|1.24||1.25||1.25||1.25||1.27||1.27||1.27||1.28||1.28||1.28||1.29||1.3||1.31||1.62||5|<===>|80||63||38||33||29||19||16||16||16||13||10||10||10||10|===|13||81||61||18||191||190||10||32||29||4||99||33||27||10||11|   |90||72||81||66||67||84||69||88||87||78||74||77||73||65||78||72||90||81||77||67||65||88||84||69||87||66||73||74||80|    )14, 15, 84, 17
101534402  |1.22||1.22||1.22||1.22||1.22||1.22||1.22||1.22||1.22||1.22||1.22||1.22||1.22||1.22|===|1.24||1.25||1.25||1.25||1.27||1.27||1.27||1.28||1.28||1.28||1.29||1.3||1.31||1.62||5|<===>|80||63||38||33||33||29||19||16||16||16||13||10||10||10|===|13||81||61||18||191||190||10||32||29||4||99||33||27||10||11|   |90||72||81||77||66||67||84||69||88||87||78||74||73||65||78||72||90||81||77||67||65||88||84||69||87||66||73||74||80|    )14, 15, 77, 17
101534404  |1.22||1.22||1.22||1.22||1.22||1.22||1.22||1.22||1.22||1.22||1.22||1.22||1.22||1.22|===|1.25||1.25||1.25||1.27||1.27||1.27||1.28||1.28||1.28||1.28||1.29||1.3||1.31||1.62||5|<===>|80||63||38||33||33||29||19||16||16||16||13||10||10||10|===|81||61||18||191||190||10||32||29||4||1||99||33||27||10||11|   |90||72||81||77||66||67||84||69||88||87||78||74||73||65||72||90||81||77||67||65||88||84||69||78||87||66||73||74||80|    )14, 15, 78, 204
101534404  |1.22||1.22||1.22||1.22||1.22||1.22||1.22||1.22||1.22||1.22||1.22||1.22||1.22||1.22|===|1.25||1.25||1.25||1.25||1.27||1.27||1.27||1.28||1.28||1.28||1.29||1.3||1.31||1.62||5|<===>|80||63||38||33||33||29||19||16||16||16||13||10||10||10|===|81||61||18||2||191||190||10||32||29||4||99||33||27||10||11|   |90||72||81||77||66||67||84||69||88||87||78||74||73||65||72||90||81||78||77||67||65||88||84||69||87||66||73||74||80|    )14, 15, 78, 76
101534404  |1.22||1.22||1.22||1.22||1.22||1.22||1.22||1.22||1.22||1.22||1.22||1.22||1.22||1.22|===|1.25||1.25||1.25||1.25||1.25||1.27||1.27||1.28||1.28||1.28||1.29||1.3||1.31||1.62||5|<===>|80||63||38||33||33||29||19||16||16||16||13||10||10||10|===|81||61||18||7||2||191||190||32||29||4||99||33||27||10||11|   |90||72||81||77||66||67||84||69||88||87||78||65||74||73||72||90||81||65||78||77||67||88||84||69||87||66||73||74||80|    )14, 15, 65, 76
101534405  |1.22||1.22||1.22||1.22||1.22||1.22||1.22||1.22||1.22||1.22||1.22||1.22||1.22||1.22|===|1.25||1.25||1.25||1.25||1.25||1.27||1.27||1.28||1.28||1.28||1.29||1.3||1.31||1.62||5|<===>|80||63||38||33||33||29||19||16||16||16||13||10||10||10|===|81||61||18||15||7||191||190||32||29||4||99||33||27||10||11|   |90||72||81||77||66||67||84||69||88||87||78||65||74||73||72||90||81||78||65||77||67||88||84||69||87||66||73||74||80|    )14, 15, 78, 68
101534405  |1.22||1.22||1.22||1.22||1.22||1.22||1.22||1.22||1.22||1.22||1.22||1.22||1.22||1.22|===|1.25||1.25||1.25||1.25||1.25||1.27||1.27||1.28||1.28||1.28||1.29||1.3||1.31||1.62||5|<===>|80||63||38||33||33||29||19||16||16||16||13||10||10||10|===|81||61||18||16||7||191||190||32||29||4||99||33||27||10||11|   |90||72||81||77||66||67||84||69||88||87||78||65||74||73||72||90||81||78||65||77||67||88||84||69||87||66||73||74||80|    )14, 15, 78, 68
101534407  |1.22||1.22||1.22||1.22||1.22||1.22||1.22||1.22||1.22||1.22||1.22||1.22||1.22||1.22|===|1.25||1.25||1.25||1.25||1.25||1.27||1.27||1.28||1.28||1.28||1.29||1.3||1.31||1.62||5|<===>|80||63||38||33||33||29||19||16||16||16||13||10||10||10|===|97||61||18||16||7||191||190||32||29||4||99||33||27||10||11|   |90||72||81||77||66||67||84||69||88||87||78||65||74||73||72||90||81||78||65||77||67||88||84||69||87||66||73||74||80|    )14, 15, 72, 68
101534409  |1.22||1.22||1.22||1.22||1.22||1.22||1.22||1.22||1.22||1.22||1.22||1.22||1.22||1.22|===|1.25||1.25||1.25||1.25||1.25||1.25||1.27||1.27||1.28||1.28||1.28||1.3||1.31||1.62||5|<===>|80||63||38||33||33||29||19||16||16||16||13||10||10||10|===|97||61||18||16||10||7||191||190||32||29||4||33||27||10||11|   |90||72||81||77||66||67||84||87||69||88||78||65||74||73||72||90||81||78||87||65||77||67||88||84||69||66||73||74||80|    )14, 15, 87, 76
101534416  |1.22||1.22||1.22||1.22||1.22||1.22||1.22||1.22||1.22||1.22||1.22||1.22||1.22||1.22|===|1.25||1.25||1.25||1.25||1.25||1.25||1.27||1.27||1.28||1.28||1.28||1.3||1.31||1.62||5|<===>|80||63||38||33||33||29||19||16||16||16||13||10||10||10|===|97||61||28||16||10||7||191||190||32||29||4||33||27||10||11|   |90||72||81||77||66||67||84||87||69||88||78||65||74||73||72||90||81||78||87||65||77||67||88||84||69||66||73||74||80|    )14, 15, 81, 68
101534423  |1.22||1.22||1.22||1.22||1.22||1.22||1.22||1.22||1.22||1.22||1.22||1.22||1.22||1.22|===|1.25||1.25||1.25||1.25||1.25||1.25||1.25||1.27||1.27||1.28||1.28||1.3||1.31||1.62||5|<===>|80||63||38||33||33||29||19||16||16||16||13||10||10||10|===|97||61||28||16||10||7||2||191||190||32||29||33||27||10||11|   |90||72||81||77||66||67||84||69||87||88||78||65||74||73||72||90||81||78||87||65||69||77||67||88||84||66||73||74||80|    )14, 15, 69, 76
101534425  |1.22||1.22||1.22||1.22||1.22||1.22||1.22||1.22||1.22||1.22||1.22||1.22||1.22||1.22|===|1.25||1.25||1.25||1.25||1.25||1.25||1.27||1.27||1.28||1.28||1.28||1.3||1.31||1.62||5|<===>|80||63||38||33||33||29||19||16||16||16||13||10||10||10|===|97||61||28||16||10||7||191||190||32||29||2||33||27||10||11|   |90||72||81||77||66||67||84||69||87||88||78||65||74||73||72||90||81||78||87||65||77||67||88||84||69||66||73||74||80|    )14, 15, 69, 72
101534425  |1.22||1.22||1.22||1.22||1.22||1.22||1.22||1.22||1.22||1.22||1.22||1.22||1.22||1.22|===|1.25||1.25||1.25||1.25||1.25||1.25||1.27||1.27||1.28||1.28||1.28||1.3||1.31||1.62||5|<===>|80||63||38||33||33||29||19||18||16||16||13||10||10||10|===|97||61||28||16||10||7||191||190||32||29||2||33||27||10||11|   |90||72||81||77||66||67||84||69||87||88||78||65||74||73||72||90||81||78||87||65||77||67||88||84||69||66||73||74||80|    )14, 15, 69, 17
101534442  |1.22||1.22||1.22||1.22||1.22||1.22||1.22||1.22||1.22||1.22||1.22||1.22||1.22||1.22|===|1.25||1.25||1.25||1.25||1.25||1.25||1.27||1.27||1.28||1.28||1.28||1.3||1.31||1.62||5|<===>|80||63||38||33||33||29||20||19||18||16||16||13||10||10|===|97||61||28||16||10||7||191||190||32||29||2||33||27||10||11|   |90||72||81||77||66||67||74||84||69||87||88||78||65||73||72||90||81||78||87||65||77||67||88||84||69||66||73||74||80|    )14, 15, 74, 17
101534444  |1.22||1.22||1.22||1.22||1.22||1.22||1.22||1.22||1.22||1.22||1.22||1.22||1.22||1.22|===|1.25||1.25||1.25||1.25||1.25||1.25||1.27||1.27||1.28||1.28||1.28||1.3||1.31||1.62||5|<===>|80||63||38||33||33||29||20||19||18||16||16||13||10||10|===|97||83||28||16||10||7||191||190||32||29||2||33||27||10||11|   |90||72||81||77||66||67||74||84||69||87||88||78||65||73||72||90||81||78||87||65||77||67||88||84||69||66||73||74||80|    )14, 15, 90, 68
101534444  |1.22||1.22||1.22||1.22||1.22||1.22||1.22||1.22||1.22||1.22||1.22||1.22||1.22||1.22|===|1.25||1.25||1.25||1.25||1.25||1.25||1.27||1.27||1.28||1.28||1.28||1.3||1.31||1.62||5|<===>|80||63||38||33||33||29||20||19||18||16||16||13||10||10|===|97||84||28||16||10||7||191||190||32||29||2||33||27||10||11|   |90||72||81||77||66||67||74||84||69||87||88||78||65||73||72||90||81||78||87||65||77||67||88||84||69||66||73||74||80|    )14, 15, 90, 68
101534444  |1.22||1.22||1.22||1.22||1.22||1.22||1.22||1.22||1.22||1.22||1.22||1.22||1.22||1.22|===|1.25||1.25||1.25||1.25||1.25||1.25||1.27||1.27||1.28||1.28||1.28||1.3||1.31||1.62||5|<===>|80||63||38||33||33||29||20||19||18||16||16||13||10||10|===|97||73||28||16||10||7||191||190||32||29||2||33||27||10||11|   |90||72||81||77||66||67||74||84||69||87||88||78||65||73||72||90||81||78||87||65||77||67||88||84||69||66||73||74||80|    )14, 15, 90, 68
101534444  |1.22||1.22||1.22||1.22||1.22||1.22||1.22||1.22||1.22||1.22||1.22||1.22||1.22||1.22|===|1.25||1.25||1.25||1.25||1.25||1.25||1.25||1.27||1.27||1.28||1.28||1.28||1.3||1.31||1.62|<===>|80||63||38||33||33||29||20||19||18||16||16||13||10||10|===|97||73||28||16||10||10||7||191||190||32||29||2||33||27||10|   |90||72||81||77||66||67||74||84||69||87||88||78||65||73||72||90||81||78||80||87||65||77||67||88||84||69||66||73||74|    )14, 15, 80, 76
101534459  |1.22||1.22||1.22||1.22||1.22||1.22||1.22||1.22||1.22||1.22||1.22||1.22||1.22||1.22|===|1.25||1.25||1.25||1.25||1.25||1.25||1.25||1.27||1.27||1.28||1.28||1.28||1.3||1.31||1.62|<===>|80||63||38||33||33||29||20||19||18||16||16||13||10||10|===|97||73||28||16||10||10||7||191||190||32||29||2||33||27||21|   |90||72||81||77||66||67||74||84||69||87||88||78||65||73||72||90||81||78||80||87||65||77||67||88||84||69||66||73||74|    )14, 15, 74, 4
101534667  |1.22||1.22||1.22||1.22||1.22||1.22||1.22||1.22||1.22||1.22||1.22||1.22||1.22||1.22|===|1.25||1.25||1.25||1.25||1.25||1.25||1.25||1.27||1.27||1.28||1.28||1.28||1.3||1.31||1.62|<===>|80||63||38||33||33||29||20||19||18||16||16||13||10||10|===|97||73||28||16||12||10||7||191||190||32||29||2||33||27||21|   |90||72||81||77||66||67||74||84||69||87||88||78||65||73||72||90||81||78||87||80||65||77||67||88||84||69||66||73||74|    )14, 15, 87, 68
101534700  |1.22||1.22||1.22||1.22||1.22||1.22||1.22||1.22||1.22||1.22||1.22||1.22||1.22||1.22|===|1.25||1.25||1.25||1.25||1.25||1.25||1.27||1.27||1.27||1.28||1.28||1.28||1.3||1.31||1.62|<===>|80||63||38||33||33||29||20||19||18||16||16||13||10||10|===|97||73||28||16||12||10||191||190||7||32||29||2||33||27||21|   |90||72||81||77||66||67||74||84||69||87||88||78||65||73||72||90||81||78||87||80||77||67||65||88||84||69||66||73||74|    )14, 15, 65, 72
101534809  |1.22||1.22||1.22||1.22||1.22||1.22||1.22||1.22||1.22||1.22||1.22||1.22||1.22||1.22|===|1.25||1.25||1.25||1.25||1.25||1.25||1.27||1.27||1.27||1.28||1.28||1.28||1.3||1.31||1.62|<===>|80||63||38||33||33||29||20||19||18||16||16||13||10||10|===|97||73||56||28||16||10||191||190||7||32||29||2||33||27||21|   |90||72||81||77||66||67||74||84||69||87||88||78||65||73||72||90||87||81||78||80||77||67||65||88||84||69||66||73||74|    )14, 15, 87, 68
101535067  |1.22||1.22||1.22||1.22||1.22||1.22||1.22||1.22||1.22||1.22||1.22||1.22||1.22||1.22|===|1.25||1.25||1.25||1.25||1.25||1.25||1.25||1.27||1.27||1.28||1.28||1.28||1.3||1.31||1.62|<===>|80||63||38||33||33||29||20||19||18||16||16||13||10||10|===|97||73||56||28||16||10||7||191||190||32||29||2||33||27||21|   |90||72||81||77||66||67||74||84||69||87||88||78||65||73||72||90||87||81||78||80||65||77||67||88||84||69||66||73||74|    )14, 15, 65, 72
101535097  |1.22||1.22||1.22||1.22||1.22||1.22||1.22||1.22||1.22||1.22||1.22||1.22||1.22||1.22|===|1.25||1.25||1.25||1.25||1.25||1.25||1.25||1.27||1.27||1.28||1.28||1.28||1.3||1.31||1.62|<===>|80||63||38||33||33||29||20||19||18||16||16||13||10||10|===|97||73||60||28||16||10||7||191||190||32||29||2||33||27||21|   |90||72||81||77||66||67||74||84||69||87||88||78||65||73||72||90||87||81||78||80||65||77||67||88||84||69||66||73||74|    )14, 15, 87, 68
101535114  |1.22||1.22||1.22||1.22||1.22||1.22||1.22||1.22||1.22||1.22||1.22||1.22||1.22||1.22|===|1.25||1.25||1.25||1.25||1.25||1.25||1.25||1.25||1.27||1.27||1.28||1.28||1.3||1.31||1.62|<===>|80||63||38||33||33||29||20||19||18||16||16||13||10||10|===|97||73||60||28||16||16||10||7||191||190||32||29||33||27||21|   |90||72||81||77||66||67||74||84||69||87||88||78||65||73||72||90||87||81||69||78||80||65||77||67||88||84||66||73||74|    )14, 15, 69, 76
101535117  |1.22||1.22||1.22||1.22||1.22||1.22||1.22||1.22||1.22||1.22||1.22||1.22||1.22||1.22|===|1.25||1.25||1.25||1.25||1.25||1.25||1.25||1.25||1.25||1.27||1.28||1.28||1.3||1.31||1.62|<===>|80||63||38||33||33||29||20||19||18||16||16||13||10||10|===|97||73||60||28||16||16||16||10||7||191||32||29||33||27||21|   |90||72||81||77||66||67||74||84||69||87||88||78||65||73||72||90||87||81||67||69||78||80||65||77||88||84||66||73||74|    )14, 15, 67, 76
101535147  |1.22||1.22||1.22||1.22||1.22||1.22||1.22||1.22||1.22||1.22||1.22||1.22||1.22||1.22|===|1.25||1.25||1.25||1.25||1.25||1.25||1.25||1.25||1.25||1.27||1.28||1.28||1.3||1.31||1.62|<===>|80||63||46||38||33||33||20||19||18||16||16||13||10||10|===|97||73||60||28||16||16||16||10||7||191||32||29||33||27||21|   |90||72||67||81||77||66||74||84||69||87||88||78||65||73||72||90||87||81||67||69||78||80||65||77||88||84||66||73||74|    )14, 15, 67, 17
101535195  |1.22||1.22||1.22||1.22||1.22||1.22||1.22||1.22||1.22||1.22||1.22||1.22||1.22||1.22|===|1.25||1.25||1.25||1.25||1.25||1.25||1.25||1.25||1.25||1.27||1.28||1.28||1.3||1.31||1.62|<===>|80||63||46||38||33||33||20||19||18||16||16||13||10||10|===|97||73||60||28||22||16||16||10||7||191||32||29||33||27||21|   |90||72||67||81||77||66||74||84||69||87||88||78||65||73||72||90||87||81||67||69||78||80||65||77||88||84||66||73||74|    )14, 15, 67, 68
101535196  |1.22||1.22||1.22||1.22||1.22||1.22||1.22||1.22||1.22||1.22||1.22||1.22||1.22||1.22|===|1.25||1.25||1.25||1.25||1.25||1.25||1.25||1.25||1.25||1.25||1.27||1.28||1.3||1.31||1.62|<===>|80||63||46||38||33||33||20||19||18||16||16||13||10||10|===|97||73||60||28||22||16||16||16||10||7||191||29||33||27||21|   |90||72||67||81||77||66||74||84||69||88||87||78||65||73||72||90||87||81||67||88||69||78||80||65||77||84||66||73||74|    )14, 15, 88, 76
101535196  |1.22||1.22||1.22||1.22||1.22||1.22||1.22||1.22||1.22||1.22||1.22||1.22||1.22||1.22|===|1.25||1.25||1.25||1.25||1.25||1.25||1.25||1.25||1.25||1.25||1.27||1.28||1.3||1.31||1.62|<===>|80||63||46||38||33||33||20||19||18||16||16||13||10||10|===|97||73||60||28||22||22||16||16||10||7||191||29||33||27||21|   |90||72||67||81||77||66||74||84||69||88||87||78||65||73||72||90||87||81||88||67||69||78||80||65||77||84||66||73||74|    )14, 15, 88, 68
101535223  |1.22||1.22||1.22||1.22||1.22||1.22||1.22||1.22||1.22||1.22||1.22||1.22||1.22||1.22|===|1.25||1.25||1.25||1.25||1.25||1.25||1.25||1.25||1.25||1.25||1.25||1.27||1.3||1.31||1.62|<===>|80||63||46||38||33||33||20||19||18||16||16||13||10||10|===|97||73||60||28||22||22||16||16||10||7||1||191||33||27||21|   |90||72||67||81||77||66||74||84||69||88||87||78||65||73||72||90||87||81||88||67||69||78||80||65||84||77||66||73||74|    )14, 15, 84, 76
101535260  |1.22||1.22||1.22||1.22||1.22||1.22||1.22||1.22||1.22||1.22||1.22||1.22||1.22||1.22|===|1.25||1.25||1.25||1.25||1.25||1.25||1.25||1.25||1.25||1.25||1.25||1.25||1.27||1.3||1.62|<===>|80||63||46||38||33||33||20||19||18||16||16||13||10||10|===|97||73||60||28||22||22||16||16||10||10||7||1||191||33||21|   |90||72||67||81||77||66||74||84||69||88||87||78||73||65||72||90||87||81||88||67||69||78||73||80||65||84||77||66||74|    )14, 15, 73, 76
101535262  |1.22||1.22||1.22||1.22||1.22||1.22||1.22||1.22||1.22||1.22||1.22||1.22||1.22||1.22|===|1.25||1.25||1.25||1.25||1.25||1.25||1.25||1.25||1.25||1.25||1.25||1.25||1.27||1.3||1.62|<===>|80||63||46||38||33||33||20||19||18||16||16||13||10||10|===|97||73||60||28||22||22||20||16||16||10||7||1||191||33||21|   |90||72||67||81||77||66||74||84||69||88||87||78||73||65||72||90||87||81||88||67||73||69||78||80||65||84||77||66||74|    )14, 15, 73, 68
101535265  |1.22||1.22||1.22||1.22||1.22||1.22||1.22||1.22||1.22||1.22||1.22||1.22||1.22||1.22|===|1.25||1.25||1.25||1.25||1.25||1.25||1.25||1.25||1.25||1.25||1.25||1.25||1.25||1.3||1.62|<===>|80||63||46||38||33||33||20||19||18||16||16||13||10||10|===|97||73||60||28||22||22||20||16||16||16||10||7||1||33||21|   |90||72||67||81||77||66||74||84||69||88||87||78||73||65||72||90||87||81||88||67||73||77||69||78||80||65||84||66||74|    )14, 15, 77, 76
101535288  |1.22||1.22||1.22||1.22||1.22||1.22||1.22||1.22||1.22||1.22||1.22||1.22||1.22||1.22|===|1.25||1.25||1.25||1.25||1.25||1.25||1.25||1.25||1.25||1.25||1.25||1.25||1.25||1.3||1.62|<===>|80||63||46||38||33||33||20||19||18||16||16||13||10||10|===|97||73||60||28||22||22||20||17||16||16||16||10||1||33||21|   |90||72||67||81||77||66||74||84||69||88||87||78||65||73||72||90||87||81||88||67||73||65||77||69||78||80||84||66||74|    )14, 15, 65, 68
101535307  |1.22||1.22||1.22||1.22||1.22||1.22||1.22||1.22||1.22||1.22||1.22||1.22||1.22||1.22|===|1.25||1.25||1.25||1.25||1.25||1.25||1.25||1.25||1.25||1.25||1.25||1.25||1.25||1.25||1.3|<===>|80||63||46||38||33||33||20||19||18||16||16||13||10||10|===|97||73||60||28||22||22||20||17||16||16||16||10||10||1||33|   |90||72||67||81||77||66||74||84||69||88||87||78||65||73||72||90||87||81||88||67||73||65||77||69||78||74||80||84||66|    )14, 15, 74, 76
101535497  |1.22||1.22||1.22||1.22||1.22||1.22||1.22||1.22||1.22||1.22||1.22||1.22||1.22||1.22|===|1.25||1.25||1.25||1.25||1.25||1.25||1.25||1.25||1.25||1.25||1.25||1.25||1.25||1.25||1.3|<===>|63||50||46||38||33||33||20||19||18||16||16||13||10||10|===|97||73||60||28||22||22||20||17||16||16||16||10||10||1||33|   |72||90||67||81||77||66||74||84||69||88||87||78||65||73||72||90||87||81||88||67||73||65||77||69||78||74||80||84||66|    )14, 15, 90, 17
101535498  |1.22||1.22||1.22||1.22||1.22||1.22||1.22||1.22||1.22||1.22||1.22||1.22||1.22||1.2|===|1.25||1.25||1.25||1.25||1.25||1.25||1.25||1.25||1.25||1.25||1.25||1.25||1.25||1.25||1.3|<===>|63||50||46||38||33||33||20||19||18||16||16||13||10||7|===|97||73||60||28||22||22||20||17||16||16||16||10||10||1||33|   |72||90||67||81||77||66||74||84||69||88||87||78||73||65||72||90||87||81||88||67||73||65||77||69||78||74||80||84||66|    )14, 15, 65, 19
101535498  |1.22||1.22||1.22||1.22||1.22||1.22||1.22||1.22||1.22||1.22||1.22||1.22||1.22||1.2|===|1.25||1.25||1.25||1.25||1.25||1.25||1.25||1.25||1.25||1.25||1.25||1.25||1.25||1.25||1.3|<===>|63||50||46||38||33||33||20||19||16||16||13||10||2||7|===|97||73||60||28||22||22||20||17||16||16||16||10||10||1||33|   |72||90||67||81||77||66||74||84||88||87||78||73||69||65||72||90||87||81||88||67||73||65||69||77||78||74||80||84||66|    )14, 15, 69, 17
101535498  |1.22||1.22||1.22||1.22||1.22||1.22||1.22||1.22||1.22||1.22||1.22||1.22||1.22||1.2|===|1.25||1.25||1.25||1.25||1.25||1.25||1.25||1.25||1.25||1.25||1.25||1.25||1.25||1.25||1.3|<===>|63||50||46||38||33||23||20||19||16||16||13||10||2||7|===|97||73||60||28||22||22||20||17||16||16||16||10||10||1||33|   |72||90||67||81||66||77||74||84||88||87||78||73||69||65||72||90||87||81||88||67||73||65||77||69||78||74||80||84||66|    )14, 15, 77, 17
101535498  |1.22||1.22||1.22||1.22||1.22||1.22||1.22||1.22||1.22||1.22||1.22||1.22||1.22||1.2|===|1.25||1.25||1.25||1.25||1.25||1.25||1.25||1.25||1.25||1.25||1.25||1.25||1.25||1.25||1.3|<===>|63||50||46||38||33||23||20||18||16||16||13||10||2||7|===|97||73||60||28||22||22||20||17||16||16||16||10||10||1||33|   |72||90||67||81||66||77||74||84||88||87||78||73||69||65||72||90||87||81||88||67||73||65||77||69||78||74||80||84||66|    )14, 15, 84, 17
101535498  |1.22||1.22||1.22||1.22||1.22||1.22||1.22||1.22||1.22||1.22||1.22||1.22||1.2||1.19|===|1.25||1.25||1.25||1.25||1.25||1.25||1.25||1.25||1.25||1.25||1.25||1.25||1.25||1.25||1.3|<===>|63||50||46||38||33||23||20||18||16||13||10||2||7||31|===|97||73||60||28||22||22||20||17||16||16||16||10||10||1||33|   |72||90||67||81||66||77||74||84||87||78||73||69||65||88||72||90||87||81||88||67||73||65||77||69||78||74||80||84||66|    )14, 15, 88, 19
101535498  |1.22||1.22||1.22||1.22||1.22||1.22||1.22||1.22||1.22||1.22||1.22||1.22||1.2||1.19|===|1.25||1.25||1.25||1.25||1.25||1.25||1.25||1.25||1.25||1.25||1.25||1.25||1.25||1.25||1.3|<===>|63||50||46||38||33||23||18||16||13||10||10||2||7||31|===|97||73||60||28||22||22||20||17||16||16||16||10||10||1||33|   |72||90||67||81||66||77||84||87||78||74||73||69||65||88||72||90||87||81||88||67||73||65||77||69||78||74||80||84||66|    )14, 15, 74, 17
101535499  |1.22||1.22||1.22||1.22||1.22||1.22||1.22||1.22||1.22||1.22||1.22||1.2||1.2||1.19|===|1.25||1.25||1.25||1.25||1.25||1.25||1.25||1.25||1.25||1.25||1.25||1.25||1.25||1.25||1.3|<===>|63||50||46||38||33||23||18||16||13||10||2||16||7||31|===|97||73||60||28||22||22||20||17||16||16||16||10||10||1||33|   |72||90||67||81||66||77||84||87||78||74||69||73||65||88||72||90||87||81||88||67||73||65||77||69||78||74||80||84||66|    )14, 15, 73, 19
101535499  |1.22||1.22||1.22||1.22||1.22||1.22||1.22||1.22||1.22||1.22||1.22||1.2||1.2||1.19|===|1.25||1.25||1.25||1.25||1.25||1.25||1.25||1.25||1.25||1.25||1.25||1.25||1.25||1.25||1.3|<===>|63||50||38||33||30||23||18||16||13||10||2||16||7||31|===|97||73||60||28||22||22||20||17||16||16||16||10||10||1||33|   |72||90||81||66||67||77||84||87||78||74||69||73||65||88||72||90||87||81||67||88||73||65||77||69||78||74||80||84||66|    )14, 15, 67, 17
101535513  |1.22||1.22||1.22||1.22||1.22||1.22||1.22||1.22||1.22||1.22||1.22||1.2||1.2||1.19|===|1.25||1.25||1.25||1.25||1.25||1.25||1.25||1.25||1.25||1.25||1.25||1.25||1.25||1.25||1.3|<===>|63||50||38||33||30||23||18||16||13||10||2||16||7||31|===|97||73||60||28||26||22||22||20||17||16||16||10||10||1||33|   |72||90||81||66||67||77||84||87||78||74||69||73||65||88||72||90||87||81||77||67||88||73||65||69||78||74||80||84||66|    )14, 15, 77, 68
101535531  |1.22||1.22||1.22||1.22||1.22||1.22||1.22||1.22||1.22||1.22||1.22||1.22||1.2||1.19|===|1.25||1.25||1.25||1.25||1.25||1.25||1.25||1.25||1.25||1.25||1.25||1.25||1.25||1.25||1.3|<===>|63||50||38||33||30||23||18||16||13||12||10||2||16||31|===|97||73||60||28||26||22||22||20||17||16||16||10||10||1||33|   |72||90||81||66||67||77||84||87||78||65||74||69||73||88||72||90||87||81||77||67||88||73||65||69||78||74||80||84||66|    )14, 15, 65, 19
101535532  |1.22||1.22||1.22||1.22||1.22||1.22||1.22||1.22||1.22||1.22||1.22||1.22||1.22||1.2|===|1.25||1.25||1.25||1.25||1.25||1.25||1.25||1.25||1.25||1.25||1.25||1.25||1.25||1.25||1.3|<===>|63||50||38||33||30||23||18||16||16||13||12||10||2||16|===|97||73||60||28||26||22||22||20||17||16||16||10||10||1||33|   |72||90||81||66||67||77||84||88||87||78||65||74||69||73||72||90||87||81||77||88||67||73||65||69||78||74||80||84||66|    )14, 15, 88, 19
101535534  |1.22||1.22||1.22||1.22||1.22||1.22||1.22||1.22||1.22||1.22||1.22||1.22||1.22||1.2|===|1.25||1.25||1.25||1.25||1.25||1.25||1.25||1.25||1.25||1.25||1.25||1.25||1.25||1.25||1.3|<===>|63||50||39||38||33||30||18||16||16||13||12||10||2||16|===|97||73||60||28||26||22||22||20||17||16||16||10||10||1||33|   |72||90||77||81||66||67||84||88||87||78||65||74||69||73||72||90||87||81||77||88||67||73||65||69||78||74||80||84||66|    )14, 15, 77, 17
101535537  |1.22||1.22||1.22||1.22||1.22||1.22||1.22||1.22||1.22||1.22||1.22||1.22||1.22||1.2|===|1.25||1.25||1.25||1.25||1.25||1.25||1.25||1.25||1.25||1.25||1.25||1.25||1.25||1.25||1.3|<===>|63||50||39||38||33||30||18||18||16||16||13||12||10||16|===|97||73||60||28||26||22||22||20||17||16||16||10||10||1||33|   |72||90||77||81||66||67||69||84||88||87||78||65||74||73||72||90||87||81||77||88||67||73||65||69||78||74||80||84||66|    )14, 15, 69, 17
101535540  |1.22||1.22||1.22||1.22||1.22||1.22||1.22||1.22||1.22||1.22||1.22||1.22||1.22||1.2|===|1.25||1.25||1.25||1.25||1.25||1.25||1.25||1.25||1.25||1.25||1.25||1.25||1.25||1.25||1.3|<===>|63||50||46||39||38||33||18||18||16||16||13||12||10||16|===|97||73||60||28||26||22||22||20||17||16||16||10||10||1||33|   |72||90||67||77||81||66||69||84||88||87||78||65||74||73||72||90||87||81||77||67||88||73||65||69||78||74||80||84||66|    )14, 15, 67, 17
101535714  |1.22||1.22||1.22||1.22||1.22||1.22||1.22||1.22||1.22||1.22||1.22||1.22||1.22||1.2|===|1.25||1.25||1.25||1.25||1.25||1.25||1.25||1.25||1.25||1.25||1.25||1.25||1.25||1.25||1.3|<===>|63||50||46||39||38||33||18||18||16||16||13||12||10||16|===|97||73||60||28||26||22||22||21||20||17||16||10||10||1||33|   |72||90||67||77||81||66||69||84||88||87||78||65||74||73||72||90||87||81||77||67||88||69||73||65||78||74||80||84||66|    )14, 15, 69, 68
101535785  |1.22||1.22||1.22||1.22||1.22||1.22||1.22||1.22||1.22||1.22||1.22||1.22||1.22||1.2|===|1.25||1.25||1.25||1.25||1.25||1.25||1.25||1.25||1.25||1.25||1.25||1.25||1.25||1.25||1.3|<===>|63||50||46||39||38||33||18||18||16||16||13||12||10||16|===|97||73||60||28||26||22||22||21||20||20||17||16||10||1||33|   |72||90||67||77||81||66||69||84||88||87||78||65||74||73||72||90||87||81||77||67||88||69||74||73||65||78||80||84||66|    )14, 15, 74, 68
101535832  |1.22||1.22||1.22||1.22||1.22||1.22||1.22||1.22||1.22||1.22||1.22||1.22||1.22||1.2|===|1.25||1.25||1.25||1.25||1.25||1.25||1.25||1.25||1.25||1.25||1.25||1.25||1.25||1.25||1.3|<===>|63||50||46||39||38||33||18||18||16||16||13||12||10||16|===|97||73||60||28||26||22||22||20||20||17||16||16||10||1||33|   |72||90||67||77||81||66||69||84||88||87||78||65||74||73||72||90||87||81||77||67||88||74||73||65||69||78||80||84||66|    )14, 15, 69, 68
101535833  |1.22||1.22||1.22||1.22||1.22||1.22||1.22||1.22||1.22||1.22||1.22||1.22||1.22||1.2|===|1.25||1.25||1.25||1.25||1.25||1.25||1.25||1.25||1.25||1.25||1.25||1.25||1.25||1.25||1.3|<===>|63||50||46||39||38||33||18||18||16||16||13||12||10||16|===|97||73||60||28||26||22||22||20||17||16||16||10||10||1||33|   |72||90||67||77||81||66||69||84||88||87||78||65||74||73||72||90||87||81||77||67||88||73||65||69||78||74||80||84||66|    )14, 15, 74, 68
101535982  |1.22||1.22||1.22||1.22||1.22||1.22||1.22||1.22||1.22||1.22||1.22||1.22||1.22||1.2|===|1.25||1.25||1.25||1.25||1.25||1.25||1.25||1.25||1.25||1.25||1.25||1.25||1.25||1.25||1.3|<===>|63||50||46||39||38||33||18||18||16||16||13||12||10||16|===|97||73||60||28||26||22||22||20||16||16||10||10||10||1||33|   |72||90||67||77||81||66||69||84||88||87||78||65||74||73||72||90||87||81||77||67||88||73||69||78||65||74||80||84||66|    )14, 15, 65, 68
101535994  |1.22||1.22||1.22||1.22||1.22||1.22||1.22||1.22||1.22||1.22||1.22||1.22||1.22||1.2|===|1.25||1.25||1.25||1.25||1.25||1.25||1.25||1.25||1.25||1.25||1.25||1.25||1.25||1.25||1.3|<===>|63||50||46||39||38||33||18||18||16||16||13||12||10||16|===|97||73||60||28||22||22||20||16||16||16||10||10||10||1||33|   |72||90||67||77||81||66||69||84||88||87||78||65||74||73||72||90||87||81||67||88||73||77||69||78||65||74||80||84||66|    )14, 15, 77, 68
101535996  |1.22||1.22||1.22||1.22||1.22||1.22||1.22||1.22||1.22||1.22||1.22||1.22||1.22||1.2|===|1.25||1.25||1.25||1.25||1.25||1.25||1.25||1.25||1.25||1.25||1.25||1.25||1.25||1.25||1.3|<===>|63||50||46||39||38||33||18||18||16||16||13||12||10||16|===|97||73||60||28||22||20||16||16||16||16||10||10||10||1||33|   |72||90||67||77||81||66||69||84||88||87||78||65||74||73||72||90||87||81||88||73||67||77||69||78||65||74||80||84||66|    )14, 15, 67, 68
101536164  |1.22||1.22||1.22||1.22||1.22||1.22||1.22||1.22||1.22||1.22||1.22||1.22||1.22||1.2|===|1.25||1.25||1.25||1.25||1.25||1.25||1.25||1.25||1.25||1.25||1.25||1.25||1.25||1.25||1.3|<===>|63||50||46||39||38||33||18||18||16||16||13||12||10||16|===|97||73||60||28||22||20||17||16||16||16||16||10||10||1||33|   |72||90||67||77||81||66||69||84||88||87||78||65||74||73||72||90||87||81||88||73||65||67||77||69||78||74||80||84||66|    )14, 15, 65, 68
101536173  |1.22||1.22||1.22||1.22||1.22||1.22||1.22||1.22||1.22||1.22||1.22||1.22||1.22||1.2|===|1.25||1.25||1.25||1.25||1.25||1.25||1.25||1.25||1.25||1.25||1.25||1.25||1.25||1.25||1.3|<===>|63||50||46||39||38||33||18||18||16||16||13||12||10||16|===|97||73||60||28||26||22||20||17||16||16||16||10||10||1||33|   |72||90||67||77||81||66||69||84||88||87||78||65||74||73||72||90||87||81||77||88||73||65||67||69||78||74||80||84||66|    )14, 15, 77, 68
101536270  |1.22||1.22||1.22||1.22||1.22||1.22||1.22||1.22||1.22||1.22||1.22||1.22||1.22||1.2|===|1.25||1.25||1.25||1.25||1.25||1.25||1.25||1.25||1.25||1.25||1.25||1.25||1.25||1.25||1.3|<===>|63||50||46||39||38||33||18||18||16||16||13||12||10||16|===|97||73||60||28||26||22||20||20||17||16||16||16||10||1||33|   |72||90||67||77||81||66||69||84||88||87||78||65||74||73||72||90||87||81||77||88||74||73||65||67||69||78||80||84||66|    )14, 15, 74, 68
101536280  |1.22||1.22||1.22||1.22||1.22||1.22||1.22||1.22||1.22||1.22||1.22||1.22||1.22||1.2|===|1.25||1.25||1.25||1.25||1.25||1.25||1.25||1.25||1.25||1.25||1.25||1.25||1.25||1.25||1.3|<===>|63||50||46||39||38||33||18||18||16||16||13||12||10||16|===|97||73||60||28||26||22||21||20||20||17||16||16||10||1||33|   |72||90||67||77||81||66||69||84||88||87||78||65||74||73||72||90||87||81||77||88||69||74||73||65||67||78||80||84||66|    )14, 15, 69, 68
101536321  |1.22||1.22||1.22||1.22||1.22||1.22||1.22||1.22||1.22||1.22||1.22||1.22||1.22||1.2|===|1.25||1.25||1.25||1.25||1.25||1.25||1.25||1.25||1.25||1.25||1.25||1.25||1.25||1.25||1.3|<===>|63||50||46||39||38||33||18||18||16||16||13||12||10||16|===|97||73||60||28||26||24||22||21||20||20||17||16||10||1||33|   |72||90||67||77||81||66||69||84||88||87||78||65||74||73||72||90||87||81||77||67||88||69||74||73||65||78||80||84||66|    )14, 15, 67, 68
101536374  |1.22||1.22||1.22||1.22||1.22||1.22||1.22||1.22||1.22||1.22||1.22||1.22||1.22||1.2|===|1.25||1.25||1.25||1.25||1.25||1.25||1.25||1.25||1.25||1.25||1.25||1.25||1.25||1.25||1.3|<===>|63||50||46||39||38||33||18||18||16||16||13||12||10||16|===|97||73||60||30||28||26||22||21||20||20||17||16||10||1||33|   |72||90||67||77||81||66||69||84||88||87||78||65||74||73||72||90||87||67||81||77||88||69||74||73||65||78||80||84||66|    )14, 15, 67, 68
101536696  |1.22||1.22||1.22||1.22||1.22||1.22||1.22||1.22||1.22||1.22||1.22||1.22||1.22||1.2|===|1.25||1.25||1.25||1.25||1.25||1.25||1.25||1.25||1.25||1.25||1.25||1.25||1.25||1.25||1.3|<===>|63||50||46||39||38||33||18||18||16||16||13||12||10||16|===|97||73||60||30||28||26||22||21||20||17||16||10||10||1||33|   |72||90||67||77||81||66||69||84||88||87||78||65||74||73||72||90||87||67||81||77||88||69||73||65||78||74||80||84||66|    )14, 15, 74, 68
101536733  |1.22||1.22||1.22||1.22||1.22||1.22||1.22||1.22||1.22||1.22||1.22||1.22||1.22||1.2|===|1.25||1.25||1.25||1.25||1.25||1.25||1.25||1.25||1.25||1.25||1.25||1.25||1.25||1.25||1.3|<===>|63||50||46||39||38||33||18||18||16||16||13||12||10||16|===|97||73||60||30||28||26||22||21||20||20||17||16||10||1||33|   |72||90||67||77||81||66||69||84||88||87||78||65||74||73||72||90||87||67||81||77||88||69||74||73||65||78||80||84||66|    )14, 15, 74, 68
101537051  |1.22||1.22||1.22||1.22||1.22||1.22||1.22||1.22||1.22||1.22||1.22||1.22||1.22||1.2|===|1.25||1.25||1.25||1.25||1.25||1.25||1.25||1.25||1.25||1.25||1.25||1.25||1.25||1.25||1.3|<===>|63||50||46||39||33||18||18||18||16||16||13||12||10||16|===|97||73||60||30||28||26||22||21||20||20||17||16||10||1||33|   |72||90||67||77||66||81||69||84||88||87||78||65||74||73||72||90||87||67||81||77||88||69||74||73||65||78||80||84||66|    )14, 15, 81, 17
101537098  |1.22||1.22||1.22||1.22||1.22||1.22||1.22||1.22||1.22||1.22||1.22||1.22||1.22||1.2|===|1.24||1.25||1.25||1.25||1.25||1.25||1.25||1.25||1.25||1.25||1.25||1.25||1.25||1.25||1.3|<===>|63||50||46||39||33||18||18||18||16||16||13||12||10||16|===|22||97||60||30||28||26||22||21||20||20||17||16||10||1||33|   |72||90||67||77||66||81||69||84||88||87||78||65||74||73||90||72||87||67||81||77||88||69||74||73||65||78||80||84||66|    )14, 15, 90, 204
101537098  |1.22||1.22||1.22||1.22||1.22||1.22||1.22||1.22||1.22||1.22||1.22||1.22||1.22||1.2|===|1.24||1.24||1.25||1.25||1.25||1.25||1.25||1.25||1.25||1.25||1.25||1.25||1.25||1.25||1.3|<===>|63||50||46||39||33||18||18||18||16||16||13||12||10||16|===|22||1||97||60||30||28||26||22||21||20||20||17||10||1||33|   |72||90||67||77||66||81||69||84||88||87||78||65||74||73||90||78||72||87||67||81||77||88||69||74||73||65||80||84||66|    )14, 15, 78, 76
101537098  |1.22||1.22||1.22||1.22||1.22||1.22||1.22||1.22||1.22||1.22||1.22||1.22||1.22||1.2|===|1.24||1.24||1.25||1.25||1.25||1.25||1.25||1.25||1.25||1.25||1.25||1.25||1.25||1.25||1.3|<===>|63||50||46||39||33||18||18||18||16||16||13||12||10||16|===|22||1||82||60||30||28||26||22||21||20||20||17||10||1||33|   |72||90||67||77||66||81||69||84||88||87||78||65||74||73||90||78||72||87||67||81||77||88||69||74||73||65||80||84||66|    )14, 15, 72, 4
101537098  |1.22||1.22||1.22||1.22||1.22||1.22||1.22||1.22||1.22||1.22||1.22||1.22||1.22||1.2|===|1.24||1.24||1.24||1.25||1.25||1.25||1.25||1.25||1.25||1.25||1.25||1.25||1.25||1.25||1.3|<===>|63||50||46||39||33||18||18||18||16||16||13||12||10||16|===|22||6||1||82||60||30||26||22||21||20||20||17||10||1||33|   |72||90||67||77||66||81||69||84||88||87||78||65||74||73||90||81||78||72||87||67||77||88||69||74||73||65||80||84||66|    )14, 15, 81, 76
101537098  |1.22||1.22||1.22||1.22||1.22||1.22||1.22||1.22||1.22||1.22||1.22||1.22||1.22||1.2|===|1.24||1.24||1.24||1.25||1.25||1.25||1.25||1.25||1.25||1.25||1.25||1.25||1.25||1.25||1.3|<===>|63||50||46||39||33||18||18||18||16||16||13||12||10||16|===|22||6||1||82||60||30||26||22||21||20||20||10||7||1||33|   |72||90||67||77||66||81||69||84||88||87||78||65||74||73||90||81||78||72||87||67||77||88||69||74||73||80||65||84||66|    )14, 15, 65, 4
101537098  |1.22||1.22||1.22||1.22||1.22||1.22||1.22||1.22||1.22||1.22||1.22||1.22||1.22||1.2|===|1.24||1.24||1.24||1.25||1.25||1.25||1.25||1.25||1.25||1.25||1.25||1.25||1.25||1.25||1.3|<===>|63||50||46||39||33||18||18||18||16||16||13||12||10||16|===|22||6||1||82||30||26||22||21||20||20||16||10||7||1||33|   |72||90||67||77||66||81||69||84||87||88||78||65||74||73||90||81||78||72||67||77||88||69||74||73||87||80||65||84||66|    )14, 15, 87, 4
101537098  |1.22||1.22||1.22||1.22||1.22||1.22||1.22||1.22||1.22||1.22||1.22||1.22||1.22||1.2|===|1.24||1.24||1.24||1.25||1.25||1.25||1.25||1.25||1.25||1.25||1.25||1.25||1.25||1.25||1.3|<===>|63||50||46||39||33||18||18||18||16||16||13||12||10||16|===|22||6||1||82||30||26||22||21||20||20||10||10||7||1||33|   |72||90||67||77||66||81||69||84||87||88||78||65||74||73||90||81||78||72||67||77||88||69||74||73||87||80||65||84||66|    )14, 15, 87, 4
101537099  |1.22||1.22||1.22||1.22||1.22||1.22||1.22||1.22||1.22||1.22||1.22||1.22||1.22||1.2|===|1.24||1.24||1.24||1.25||1.25||1.25||1.25||1.25||1.25||1.25||1.25||1.25||1.25||1.25||1.3|<===>|63||50||46||39||33||18||18||18||16||16||13||12||10||16|===|22||6||1||82||30||22||21||20||20||10||10||10||7||1||33|   |72||90||67||77||66||81||69||84||87||88||78||65||74||73||90||81||78||72||67||88||69||74||73||77||87||80||65||84||66|    )14, 15, 77, 4
101537099  |1.22||1.22||1.22||1.22||1.22||1.22||1.22||1.22||1.22||1.22||1.22||1.22||1.22||1.2|===|1.24||1.24||1.24||1.25||1.25||1.25||1.25||1.25||1.25||1.25||1.25||1.25||1.25||1.25||1.3|<===>|63||50||46||39||33||18||18||18||16||16||13||12||10||16|===|22||6||1||82||30||21||20||20||10||10||10||7||6||1||33|   |72||90||67||77||66||81||69||84||88||87||78||65||74||73||90||81||78||72||67||69||74||73||77||87||80||65||88||84||66|    )14, 15, 88, 4
101537099  |1.22||1.22||1.22||1.22||1.22||1.22||1.22||1.22||1.22||1.22||1.22||1.22||1.22||1.2|===|1.24||1.24||1.24||1.25||1.25||1.25||1.25||1.25||1.25||1.25||1.25||1.25||1.25||1.25||1.3|<===>|63||50||46||39||33||18||18||18||16||16||13||12||10||16|===|22||6||1||82||30||21||20||10||10||10||10||7||6||1||33|   |72||90||67||77||66||81||69||84||88||87||78||65||74||73||90||81||78||72||67||69||74||73||77||87||80||65||88||84||66|    )14, 15, 73, 4
101537099  |1.22||1.22||1.22||1.22||1.22||1.22||1.22||1.22||1.22||1.22||1.22||1.22||1.22||1.2|===|1.24||1.24||1.24||1.25||1.25||1.25||1.25||1.25||1.25||1.25||1.25||1.25||1.25||1.25||1.3|<===>|63||50||46||39||33||18||18||18||16||16||13||12||10||16|===|22||6||1||82||30||21||10||10||10||10||10||7||6||1||33|   |72||90||67||77||66||81||69||84||88||87||78||65||74||73||90||81||78||72||67||69||74||73||77||87||80||65||88||84||66|    )14, 15, 74, 4
101537100  |1.22||1.22||1.22||1.22||1.22||1.22||1.22||1.22||1.22||1.22||1.22||1.22||1.22||1.2|===|1.24||1.24||1.24||1.25||1.25||1.25||1.25||1.25||1.25||1.25||1.25||1.25||1.25||1.29||1.3|<===>|63||50||46||39||33||18||18||18||16||16||13||12||10||16|===|22||6||1||82||30||21||10||10||10||10||7||6||1||99||33|   |72||90||67||77||66||81||69||84||87||88||78||65||74||73||90||81||78||72||67||69||74||73||77||80||65||88||84||87||66|    )14, 15, 87, 12
101537100  |1.22||1.22||1.22||1.22||1.22||1.22||1.22||1.22||1.22||1.22||1.22||1.22||1.22||1.2|===|1.24||1.24||1.24||1.25||1.25||1.25||1.25||1.25||1.25||1.25||1.25||1.25||1.25||1.29||1.3|<===>|63||50||46||39||33||18||18||18||16||16||13||12||10||16|===|22||6||1||82||21||14||10||10||10||10||7||6||1||99||33|   |72||90||67||77||66||81||69||84||87||88||78||65||74||73||90||81||78||72||69||67||74||73||77||80||65||88||84||87||66|    )14, 15, 67, 4
101537248  |1.22||1.22||1.22||1.22||1.22||1.22||1.22||1.22||1.22||1.22||1.22||1.22||1.22||1.2|===|1.24||1.24||1.24||1.25||1.25||1.25||1.25||1.25||1.25||1.25||1.25||1.25||1.28||1.29||1.3|<===>|63||50||46||39||33||19||18||18||16||16||13||12||10||16|===|22||6||1||82||21||14||10||10||10||10||7||6||29||99||33|   |72||90||67||77||66||84||81||69||87||88||78||65||74||73||90||81||78||72||69||67||74||73||77||80||65||88||84||87||66|    )14, 15, 84, 29
101537248  |1.22||1.22||1.22||1.22||1.22||1.22||1.22||1.22||1.22||1.22||1.22||1.22||1.22||1.2|===|1.24||1.24||1.25||1.25||1.25||1.25||1.25||1.25||1.25||1.25||1.25||1.25||1.28||1.29||1.3|<===>|63||50||46||39||33||19||18||18||16||16||13||12||10||16|===|22||1||82||21||18||14||10||10||10||10||7||6||29||99||33|   |72||90||67||77||66||84||81||69||87||88||78||65||74||73||90||78||72||69||81||67||74||73||77||80||65||88||84||87||66|    )14, 15, 81, 76
101537248  |1.22||1.22||1.22||1.22||1.22||1.22||1.22||1.22||1.22||1.22||1.22||1.22||1.22||1.2|===|1.24||1.24||1.25||1.25||1.25||1.25||1.25||1.25||1.25||1.25||1.25||1.28||1.28||1.29||1.3|<===>|63||50||46||39||33||19||18||18||16||16||13||12||10||16|===|22||1||82||21||18||14||10||10||10||10||7||32||29||99||33|   |72||90||67||77||66||84||81||69||88||87||78||65||74||73||90||78||72||69||81||67||74||73||77||80||65||88||84||87||66|    )14, 15, 88, 12
101537249  |1.22||1.22||1.22||1.22||1.22||1.22||1.22||1.22||1.22||1.22||1.22||1.22||1.22||1.2|===|1.24||1.24||1.25||1.25||1.25||1.25||1.25||1.25||1.25||1.25||1.25||1.28||1.28||1.29||1.3|<===>|63||50||46||33||23||19||18||18||16||16||13||12||10||16|===|22||1||82||21||18||14||10||10||10||10||7||32||29||99||33|   |72||90||67||66||77||84||81||69||88||87||78||65||74||73||90||78||72||69||81||67||77||74||73||80||65||88||84||87||66|    )14, 15, 77, 17
101537250  |1.22||1.22||1.22||1.22||1.22||1.22||1.22||1.22||1.22||1.22||1.22||1.22||1.22||1.2|===|1.24||1.24||1.25||1.25||1.25||1.25||1.25||1.25||1.25||1.25||1.25||1.28||1.28||1.29||1.3|<===>|63||50||46||33||23||19||18||18||16||16||13||12||10||16|===|22||1||82||18||16||14||10||10||10||10||7||32||29||99||33|   |72||90||67||66||77||84||69||81||88||87||78||65||74||73||90||78||72||81||69||67||77||74||73||80||65||88||84||87||66|    )14, 15, 69, 4
101537250  |1.22||1.22||1.22||1.22||1.22||1.22||1.22||1.22||1.22||1.22||1.22||1.22||1.22||1.2|===|1.24||1.24||1.25||1.25||1.25||1.25||1.25||1.25||1.25||1.25||1.28||1.28||1.29||1.3||5|<===>|63||50||46||33||23||19||18||18||16||16||13||12||10||16|===|22||1||82||18||16||14||10||10||10||7||32||29||99||33||11|   |72||90||67||66||77||84||69||81||88||87||78||65||74||73||90||78||72||81||69||67||77||74||73||65||88||84||87||66||80|    )14, 15, 80, 12
101537250  |1.22||1.22||1.22||1.22||1.22||1.22||1.22||1.22||1.22||1.22||1.22||1.22||1.22||1.2|===|1.24||1.24||1.25||1.25||1.25||1.25||1.25||1.25||1.25||1.27||1.28||1.28||1.29||1.3||5|<===>|63||50||46||33||23||19||18||18||16||16||13||12||10||16|===|22||1||82||18||16||14||10||10||7||81||32||29||99||33||11|   |72||90||67||66||77||84||69||81||88||87||78||65||74||73||90||78||72||81||69||67||74||73||65||77||88||84||87||66||80|    )14, 15, 77, 12
101537250  |1.22||1.22||1.22||1.22||1.22||1.22||1.22||1.22||1.22||1.22||1.22||1.22||1.22||1.2|===|1.24||1.24||1.25||1.25||1.25||1.25||1.25||1.25||1.27||1.28||1.28||1.29||1.3||1.31||5|<===>|63||50||46||33||23||19||18||18||16||16||13||12||10||16|===|22||1||82||18||16||14||10||7||81||32||29||99||33||27||11|   |72||90||67||66||77||84||69||81||88||87||78||65||74||73||90||78||72||81||69||67||74||65||77||88||84||87||66||73||80|    )14, 15, 73, 12
101537250  |1.22||1.22||1.22||1.22||1.22||1.22||1.22||1.22||1.22||1.22||1.22||1.22||1.22||1.2|===|1.24||1.24||1.25||1.25||1.25||1.25||1.25||1.27||1.28||1.28||1.29||1.3||1.31||1.62||5|<===>|63||50||46||33||23||19||18||18||16||16||13||12||10||16|===|22||1||82||18||16||14||7||81||32||29||99||33||27||10||11|   |72||90||67||66||77||84||69||81||88||87||78||65||74||73||90||78||72||81||69||67||65||77||88||84||87||66||73||74||80|    )14, 15, 74, 8
101537251  |1.22||1.22||1.22||1.22||1.22||1.22||1.22||1.22||1.22||1.22||1.22||1.22||1.22||1.2|===|1.24||1.24||1.25||1.25||1.25||1.25||1.25||1.27||1.28||1.28||1.29||1.3||1.31||1.62||5|<===>|63||50||46||33||23||19||18||18||16||16||13||12||10||16|===|22||1||82||18||16||8||7||81||32||29||99||33||27||10||11|   |72||90||67||66||77||84||69||81||88||87||78||65||74||73||90||78||72||81||69||67||65||77||88||84||87||66||73||74||80|    )14, 15, 67, 4
101537252  |1.22||1.22||1.22||1.22||1.22||1.22||1.22||1.22||1.22||1.22||1.22||1.22||1.22||1.2|===|1.24||1.24||1.25||1.25||1.25||1.25||1.27||1.27||1.28||1.28||1.29||1.3||1.31||1.62||5|<===>|63||50||46||33||23||19||18||18||16||16||13||12||10||16|===|22||1||82||18||16||7||81||9||32||29||99||33||27||10||11|   |72||90||67||66||77||84||69||81||88||87||78||65||74||73||90||78||72||81||69||65||77||67||88||84||87||66||73||74||80|    )14, 15, 67, 12
101537253  |1.22||1.22||1.22||1.22||1.22||1.22||1.22||1.22||1.22||1.22||1.22||1.22||1.22||1.2|===|1.24||1.24||1.25||1.25||1.25||1.25||1.27||1.27||1.28||1.28||1.29||1.3||1.31||1.62||5|<===>|63||50||46||33||23||19||18||18||16||16||13||12||10||16|===|22||1||82||18||16||7||10||9||32||29||99||33||27||10||11|   |72||90||67||66||77||84||69||81||88||87||78||65||74||73||90||78||72||81||69||65||77||67||88||84||87||66||73||74||80|    )14, 15, 77, 4
101537258  |1.22||1.22||1.22||1.22||1.22||1.22||1.22||1.22||1.22||1.22||1.22||1.22||1.22||1.2|===|1.24||1.24||1.25||1.25||1.25||1.25||1.27||1.27||1.28||1.28||1.29||1.3||1.31||1.62||5|<===>|63||50||46||33||23||19||18||18||16||16||13||12||10||16|===|22||1||66||18||16||7||10||9||32||29||99||33||27||10||11|   |72||90||67||66||77||84||69||81||88||87||78||65||74||73||90||78||72||81||69||65||77||67||88||84||87||66||73||74||80|    )14, 15, 72, 4
101537286  |1.22||1.22||1.22||1.22||1.22||1.22||1.22||1.22||1.22||1.22||1.22||1.22||1.22||1.2|===|1.24||1.24||1.25||1.25||1.25||1.27||1.27||1.28||1.28||1.28||1.29||1.3||1.31||1.62||5|<===>|63||50||46||33||23||19||18||18||16||16||13||12||10||16|===|22||1||66||18||7||10||9||32||29||1||99||33||27||10||11|   |72||90||67||66||77||84||69||81||88||87||78||65||74||73||90||78||72||81||65||77||67||88||84||69||87||66||73||74||80|    )14, 15, 69, 12
101537286  |1.22||1.22||1.22||1.22||1.22||1.22||1.22||1.22||1.22||1.22||1.22||1.22||1.22||1.2|===|1.24||1.24||1.25||1.25||1.25||1.27||1.27||1.28||1.28||1.28||1.29||1.3||1.31||1.62||5|<===>|63||50||46||33||23||19||18||18||16||16||13||12||10||16|===|22||1||66||18||7||10||9||32||29||3||99||33||27||10||11|   |72||90||67||66||77||84||69||81||88||87||78||65||74||73||90||78||72||81||65||77||67||88||84||69||87||66||73||74||80|    )14, 15, 69, 4
101537305  |1.22||1.22||1.22||1.22||1.22||1.22||1.22||1.22||1.22||1.22||1.22||1.22||1.22||1.2|===|1.24||1.24||1.25||1.25||1.25||1.27||1.27||1.28||1.28||1.28||1.29||1.3||1.31||1.62||5|<===>|63||50||46||33||23||19||18||18||16||16||13||12||10||16|===|22||1||66||18||7||96||10||32||29||3||99||33||27||10||11|   |72||90||67||66||77||84||69||81||88||87||78||65||74||73||90||78||72||81||65||67||77||88||84||69||87||66||73||74||80|    )14, 15, 67, 4
101537308  |1.22||1.22||1.22||1.22||1.22||1.22||1.22||1.22||1.22||1.22||1.22||1.22||1.22||1.2|===|1.24||1.24||1.25||1.25||1.25||1.27||1.27||1.28||1.28||1.28||1.29||1.3||1.31||1.62||5|<===>|63||50||46||33||23||19||18||18||16||16||13||12||10||16|===|22||1||66||18||7||97||10||32||29||3||99||33||27||10||11|   |72||90||67||66||77||84||69||81||88||87||78||65||74||73||90||78||72||81||65||67||77||88||84||69||87||66||73||74||80|    )14, 15, 67, 4
101537348  |1.22||1.22||1.22||1.22||1.22||1.22||1.22||1.22||1.22||1.22||1.22||1.22||1.22||1.2|===|1.24||1.25||1.25||1.25||1.25||1.27||1.27||1.28||1.28||1.28||1.29||1.3||1.31||1.62||5|<===>|63||50||46||33||23||19||18||18||16||16||13||12||10||16|===|22||66||18||13||7||97||10||32||29||3||99||33||27||10||11|   |72||90||67||66||77||84||69||81||88||87||78||65||74||73||90||72||81||78||65||67||77||88||84||69||87||66||73||74||80|    )14, 15, 78, 76
101537348  |1.22||1.22||1.22||1.22||1.22||1.22||1.22||1.22||1.22||1.22||1.22||1.22||1.22||1.2|===|1.24||1.25||1.25||1.25||1.27||1.27||1.27||1.28||1.28||1.28||1.29||1.3||1.31||1.62||5|<===>|63||50||46||33||23||19||18||18||16||16||13||12||10||16|===|22||66||18||13||97||10||7||32||29||3||99||33||27||10||11|   |72||90||67||66||77||84||69||81||88||87||78||65||74||73||90||72||81||78||67||77||65||88||84||69||87||66||73||74||80|    )14, 15, 65, 8
101537349  |1.22||1.22||1.22||1.22||1.22||1.22||1.22||1.22||1.22||1.22||1.22||1.22||1.22||1.2|===|1.25||1.25||1.25||1.25||1.27||1.27||1.27||1.28||1.28||1.28||1.29||1.3||1.31||1.62||5|<===>|63||50||46||33||23||19||18||18||16||16||13||12||10||16|===|66||50||18||13||97||10||7||32||29||3||99||33||27||10||11|   |72||90||67||66||77||84||69||81||88||87||78||65||74||73||72||90||81||78||67||77||65||88||84||69||87||66||73||74||80|    )14, 15, 90, 204
101537349  |1.22||1.22||1.22||1.22||1.22||1.22||1.22||1.22||1.22||1.22||1.22||1.22||1.22||1.2|===|1.25||1.25||1.25||1.25||1.25||1.27||1.27||1.27||1.28||1.28||1.28||1.29||1.3||1.31||1.62|<===>|63||50||46||33||23||19||18||18||16||16||13||12||10||16|===|66||50||18||13||10||97||10||7||32||29||3||99||33||27||10|   |72||90||67||66||77||84||69||81||88||87||78||65||74||73||72||90||81||78||80||67||77||65||88||84||69||87||66||73||74|    )14, 15, 80, 76
101537349  |1.22||1.22||1.22||1.22||1.22||1.22||1.22||1.22||1.22||1.22||1.22||1.22||1.22||1.2|===|1.25||1.25||1.25||1.25||1.25||1.27||1.27||1.27||1.28||1.28||1.28||1.29||1.3||1.31||1.62|<===>|63||50||46||33||23||19||18||18||16||16||13||12||10||16|===|66||50||28||13||10||97||10||7||32||29||3||99||33||27||10|   |72||90||67||66||77||84||81||69||88||87||78||65||74||73||72||90||81||78||80||67||77||65||88||84||69||87||66||73||74|    )14, 15, 81, 68
101537369  |1.22||1.22||1.22||1.22||1.22||1.22||1.22||1.22||1.22||1.22||1.22||1.22||1.22||1.2|===|1.25||1.25||1.25||1.25||1.25||1.27||1.27||1.27||1.28||1.28||1.28||1.29||1.3||1.31||1.62|<===>|63||50||46||33||23||19||18||18||16||16||13||12||10||16|===|66||50||28||13||10||90||10||7||32||29||3||99||33||27||10|   |72||90||67||66||77||84||81||69||88||87||78||65||74||73||72||90||81||78||80||67||77||65||88||84||69||87||66||73||74|    )14, 15, 67, 4
101537598  |1.22||1.22||1.22||1.22||1.22||1.22||1.22||1.22||1.22||1.22||1.22||1.22||1.22||1.2|===|1.25||1.25||1.25||1.25||1.25||1.27||1.27||1.27||1.28||1.28||1.28||1.29||1.3||1.31||1.62|<===>|63||50||46||33||23||19||18||18||16||16||13||12||10||16|===|66||50||28||18||10||90||10||7||32||29||3||99||33||27||10|   |72||90||67||66||77||84||81||69||88||87||78||65||74||73||72||90||81||78||80||67||77||65||88||84||69||87||66||73||74|    )14, 15, 78, 68
101537598  |1.22||1.22||1.22||1.22||1.22||1.22||1.22||1.22||1.22||1.22||1.22||1.22||1.22||1.2|===|1.25||1.25||1.25||1.25||1.25||1.27||1.27||1.27||1.28||1.28||1.28||1.29||1.3||1.31||1.62|<===>|63||50||46||33||23||19||18||18||16||16||13||12||10||16|===|66||50||28||19||10||90||10||7||32||29||3||99||33||27||10|   |72||90||67||66||77||84||81||69||88||87||78||65||74||73||72||90||81||78||80||67||77||65||88||84||69||87||66||73||74|    )14, 15, 78, 68
101537598  |1.22||1.22||1.22||1.22||1.22||1.22||1.22||1.22||1.22||1.22||1.22||1.22||1.22||1.2|===|1.25||1.25||1.25||1.25||1.25||1.25||1.27||1.27||1.28||1.28||1.28||1.29||1.3||1.31||1.62|<===>|63||50||46||33||23||19||18||18||16||16||13||12||10||16|===|66||50||28||19||10||7||90||10||32||29||3||99||33||27||10|   |72||90||67||66||77||84||81||69||88||87||78||65||74||73||72||90||81||78||80||65||67||77||88||84||69||87||66||73||74|    )14, 15, 65, 72
101537642  |1.22||1.22||1.22||1.22||1.22||1.22||1.22||1.22||1.22||1.22||1.22||1.22||1.2||0.85|===|1.25||1.25||1.25||1.25||1.25||1.25||1.27||1.27||1.28||1.28||1.28||1.29||1.3||1.31||1.62|<===>|63||50||46||33||23||19||18||18||16||16||13||12||16||10|===|66||50||28||19||10||7||90||10||32||29||3||99||33||27||10|   |72||90||67||66||77||84||81||69||88||87||78||65||73||74||72||90||81||78||80||65||67||77||88||84||69||87||66||73||74|    )14, 15, 74, 18
101537683  |1.22||1.22||1.22||1.22||1.22||1.22||1.22||1.22||1.22||1.22||1.22||1.22||1.2||0.85|===|1.25||1.25||1.25||1.25||1.25||1.25||1.27||1.27||1.28||1.28||1.28||1.29||1.3||1.31||1.62|<===>|63||50||46||33||23||19||18||18||16||16||13||12||16||10|===|81||50||28||19||10||7||90||10||32||29|