110758946  |1.15||1.15||1.15||1.14||1.14||1.14||1.13||1.13||1.13||1.11||1.09||1.09||1.09||0.95|===|1.16||1.16||1.16||1.16||1.16||1.17||1.17||1.17||1.17||1.17||1.17||1.19||1.19||1.2||1.21|<===>|34||18||12||33||25||2||140||42||2||11||210||42||27||21|===|47||43||18||16||13||36||31||30||10||9||7||33||21||41||22|   |90||81||78||66||72||69||77||84||67||73||87||88||65||74||72||90||81||87||78||77||74||67||80||84||69||66||88||65||73|    )14, 15, 72, 69
110758946  |1.15||1.15||1.15||1.14||1.14||1.14||1.13||1.13||1.13||1.11||1.09||1.09||1.09||0.95|===|1.16||1.16||1.16||1.16||1.16||1.17||1.17||1.17||1.17||1.17||1.17||1.19||1.19||1.2||1.21|<===>|34||18||12||33||25||2||140||42||2||11||210||42||27||21|===|47||43||25||16||13||36||31||30||10||9||7||33||21||41||22|   |90||81||78||66||72||69||77||84||67||73||87||88||65||74||72||90||81||87||78||77||74||67||80||84||69||66||88||65||73|    )14, 15, 81, 68
110758948  |1.15||1.15||1.15||1.14||1.14||1.14||1.13||1.13||1.13||1.11||1.09||1.09||1.09||0.95|===|1.16||1.16||1.16||1.16||1.16||1.17||1.17||1.17||1.17||1.17||1.17||1.19||1.19||1.2||1.21|<===>|34||18||12||33||25||2||140||42||2||11||210||42||27||21|===|47||43||25||17||16||36||31||30||10||9||7||33||21||41||22|   |90||81||78||66||72||69||77||84||67||73||87||88||65||74||72||90||81||78||87||77||74||67||80||84||69||66||88||65||73|    )14, 15, 78, 68
110758960  |1.15||1.15||1.15||1.14||1.14||1.14||1.13||1.13||1.13||1.11||1.09||1.09||1.09||0.95|===|1.16||1.16||1.16||1.16||1.16||1.17||1.17||1.17||1.17||1.17||1.17||1.19||1.19||1.2||1.21|<===>|34||18||12||33||25||2||140||42||2||11||210||42||27||21|===|47||43||25||18||17||36||31||30||10||9||7||33||21||41||22|   |90||81||78||66||72||69||77||84||67||73||87||88||65||74||72||90||81||87||78||77||74||67||80||84||69||66||88||65||73|    )14, 15, 87, 68
110759097  |1.15||1.15||1.15||1.14||1.14||1.14||1.13||1.13||1.13||1.11||1.09||1.09||1.09||0.95|===|1.16||1.16||1.16||1.16||1.16||1.17||1.17||1.17||1.17||1.17||1.17||1.19||1.19||1.2||1.21|<===>|34||18||12||33||25||2||140||42||2||11||210||42||27||21|===|47||43||25||18||17||36||31||30||10||9||7||33||32||41||22|   |90||81||78||66||72||69||77||84||67||73||87||88||65||74||72||90||81||87||78||77||74||67||80||84||69||66||88||65||73|    )14, 15, 88, 4
110759584  |1.15||1.15||1.15||1.14||1.14||1.14||1.13||1.13||1.13||1.11||1.09||1.09||1.09||0.95|===|1.16||1.16||1.16||1.16||1.16||1.16||1.17||1.17||1.17||1.17||1.17||1.17||1.19||1.19||1.21|<===>|34||18||12||33||25||2||140||42||2||11||210||42||27||21|===|47||43||25||18||17||7||36||31||30||10||9||7||33||32||22|   |90||81||78||66||72||69||77||84||67||73||87||88||65||74||72||90||81||87||78||65||77||74||67||80||84||69||66||88||73|    )14, 15, 65, 76
110759854  |1.15||1.15||1.15||1.14||1.14||1.14||1.13||1.13||1.13||1.11||1.09||1.09||1.09||0.95|===|1.16||1.16||1.16||1.16||1.16||1.16||1.17||1.17||1.17||1.17||1.17||1.17||1.19||1.19||1.21|<===>|34||18||12||33||25||2||140||41||2||11||210||42||27||21|===|47||43||25||18||17||7||36||31||30||10||8||7||33||32||22|   |90||81||78||66||72||69||77||84||67||73||87||88||65||74||72||90||81||87||78||65||77||74||67||80||84||69||66||88||73|    )14, 15, 84, 5
110759862  |1.15||1.15||1.15||1.14||1.14||1.14||1.13||1.13||1.13||1.11||1.09||1.09||1.09||0.95|===|1.16||1.16||1.16||1.16||1.16||1.16||1.17||1.17||1.17||1.17||1.17||1.17||1.19||1.19||1.21|<===>|34||18||11||33||25||2||140||41||2||11||210||42||27||21|===|47||43||25||18||16||7||36||31||30||10||8||7||33||32||22|   |90||81||78||66||72||69||77||84||67||73||87||88||65||74||72||90||81||87||78||65||77||74||67||80||84||69||66||88||73|    )14, 15, 78, 85
110800117  |1.15||1.15||1.15||1.14||1.14||1.14||1.13||1.13||1.13||1.11||1.09||1.09||1.09||0.95|===|1.16||1.16||1.16||1.16||1.16||1.16||1.17||1.17||1.17||1.17||1.17||1.17||1.19||1.19||1.21|<===>|30||18||11||33||25||2||140||41||2||11||210||42||27||21|===|47||43||25||18||16||7||36||31||30||10||8||7||33||32||22|   |90||81||78||66||72||69||77||84||67||73||87||88||65||74||72||90||81||87||78||65||77||74||67||80||84||69||66||88||73|    )14, 15, 90, 17
110800117  |1.15||1.15||1.15||1.14||1.14||1.14||1.13||1.13||1.13||1.11||1.09||1.09||1.09||0.95|===|1.16||1.16||1.16||1.16||1.16||1.16||1.17||1.17||1.17||1.17||1.17||1.17||1.19||1.19||1.21|<===>|30||18||11||33||25||2||140||41||2||11||210||42||27||21|===|47||39||25||18||16||7||36||31||30||10||8||7||33||32||22|   |90||81||78||66||72||69||77||84||67||73||87||88||65||74||72||90||81||87||78||65||77||74||67||80||84||69||66||88||73|    )14, 15, 90, 68
110800117  |1.15||1.15||1.15||1.14||1.14||1.14||1.13||1.13||1.13||1.11||1.09||1.09||1.09||0.95|===|1.16||1.16||1.16||1.16||1.16||1.16||1.17||1.17||1.17||1.17||1.17||1.17||1.19||1.19||1.21|<===>|30||18||11||33||25||2||140||41||2||11||210||42||27||21|===|47||40||25||18||16||7||36||31||30||10||8||7||33||32||22|   |90||81||78||66||72||69||77||84||67||73||87||88||65||74||72||90||81||87||78||65||77||74||67||80||84||69||66||88||73|    )14, 15, 90, 68
110804161  |1.15||1.15||1.15||1.14||1.14||1.14||1.13||1.13||1.13||1.11||1.09||1.09||1.09||0.95|===|1.16||1.16||1.16||1.16||1.16||1.16||1.17||1.17||1.17||1.17||1.17||1.17||1.19||1.19||1.21|<===>|30||18||15||33||25||2||140||41||2||11||210||42||27||21|===|47||40||25||18||16||7||36||31||30||10||8||7||33||32||22|   |90||81||78||66||72||69||77||84||67||73||87||88||65||74||72||90||81||87||78||65||77||74||67||80||84||69||66||88||73|    )14, 15, 78, 17
110804161  |1.15||1.15||1.15||1.14||1.14||1.14||1.13||1.13||1.13||1.11||1.09||1.09||1.09||0.95|===|1.16||1.16||1.16||1.16||1.16||1.17||1.17||1.17||1.17||1.17||1.17||1.19||1.19||1.2||1.21|<===>|30||18||15||33||25||2||140||41||2||11||210||42||27||21|===|47||40||25||18||16||36||31||30||10||8||7||33||32||27||22|   |90||81||78||66||72||69||77||84||67||73||87||88||65||74||72||90||81||87||78||77||74||67||80||84||69||66||88||65||73|    )14, 15, 65, 76
110804165  |1.15||1.15||1.15||1.14||1.14||1.14||1.13||1.13||1.13||1.11||1.09||1.09||1.09||0.95|===|1.16||1.16||1.16||1.16||1.16||1.17||1.17||1.17||1.17||1.17||1.17||1.19||1.19||1.2||1.21|<===>|30||28||15||33||25||2||140||41||2||11||210||42||27||21|===|47||40||25||18||16||36||31||30||10||8||7||33||32||27||22|   |90||81||78||66||72||69||77||84||67||73||87||88||65||74||72||90||81||87||78||77||74||67||80||84||69||66||88||65||73|    )14, 15, 81, 17
110804375  |1.15||1.15||1.15||1.15||1.14||1.14||1.13||1.13||1.13||1.11||1.09||1.09||1.09||0.95|===|1.16||1.16||1.16||1.16||1.16||1.17||1.17||1.17||1.17||1.17||1.17||1.19||1.19||1.2||1.21|<===>|30||28||15||11||33||2||140||41||2||11||210||42||27||21|===|47||40||25||18||16||36||31||30||10||8||7||33||32||27||22|   |90||81||78||72||66||69||77||84||67||73||87||88||65||74||72||90||81||87||78||77||74||67||80||84||69||66||88||65||73|    )14, 15, 72, 19
110804565  |1.15||1.15||1.15||1.15||1.14||1.14||1.13||1.13||1.13||1.11||1.09||1.09||1.09||0.95|===|1.16||1.16||1.16||1.16||1.16||1.17||1.17||1.17||1.17||1.17||1.17||1.19||1.19||1.2||1.21|<===>|30||28||11||11||33||2||140||41||2||11||210||42||27||21|===|47||40||25||18||12||36||31||30||10||8||7||33||32||27||22|   |90||81||78||72||66||69||77||84||67||73||87||88||65||74||72||90||81||87||78||77||74||67||80||84||69||66||88||65||73|    )14, 15, 78, 85
110804566  |1.15||1.15||1.15||1.14||1.14||1.14||1.13||1.13||1.13||1.11||1.09||1.09||1.09||0.95|===|1.16||1.16||1.16||1.16||1.16||1.17||1.17||1.17||1.17||1.17||1.17||1.19||1.19||1.2||1.21|<===>|30||28||11||33||10||2||140||41||2||11||210||42||27||21|===|40||32||25||18||12||36||31||30||10||8||7||33||32||27||22|   |90||81||78||66||72||69||77||84||67||73||87||88||65||74||90||72||81||87||78||77||74||67||80||84||69||66||88||65||73|    )14, 15, 72, 87
110804566  |1.15||1.15||1.15||1.14||1.14||1.14||1.13||1.13||1.13||1.11||1.09||1.09||1.09||0.95|===|1.16||1.16||1.16||1.16||1.16||1.17||1.17||1.17||1.17||1.17||1.17||1.19||1.19||1.2||1.21|<===>|30||18||11||33||10||2||140||41||2||11||210||42||27||21|===|40||32||18||18||12||36||31||30||10||8||7||33||32||27||22|   |90||81||78||66||72||69||77||84||67||73||87||88||65||74||90||72||81||87||78||77||74||67||80||84||69||66||88||65||73|    )14, 15, 81, 85
110804569  |1.15||1.15||1.15||1.14||1.14||1.14||1.13||1.13||1.13||1.11||1.09||1.09||1.09||0.95|===|1.16||1.16||1.16||1.16||1.16||1.16||1.17||1.17||1.17||1.17||1.17||1.17||1.19||1.19||1.21|<===>|30||18||11||33||10||2||140||41||2||11||210||42||27||21|===|40||32||18||18||12||7||36||31||30||10||8||7||33||32||22|   |90||81||78||66||72||69||77||84||67||73||87||88||65||74||90||72||81||87||78||65||77||74||67||80||84||69||66||88||73|    )14, 15, 65, 76
110805569  |1.15||1.15||1.15||1.14||1.14||1.14||1.13||1.13||1.13||1.11||1.09||1.09||1.09||0.95|===|1.16||1.16||1.16||1.16||1.16||1.16||1.17||1.17||1.17||1.17||1.17||1.17||1.19||1.19||1.21|<===>|30||18||11||33||10||2||140||41||2||11||210||42||27||21|===|40||32||18||18||16||7||36||31||30||10||8||7||33||32||22|   |90||81||78||66||72||69||77||84||67||73||87||88||65||74||90||72||81||87||78||65||77||74||67||80||84||69||66||88||73|    )14, 15, 78, 68
110805569  |1.15||1.15||1.15||1.14||1.14||1.14||1.13||1.13||1.13||1.11||1.09||1.09||1.09||0.95|===|1.16||1.16||1.16||1.16||1.16||1.16||1.17||1.17||1.17||1.17||1.17||1.17||1.19||1.19||1.21|<===>|30||18||11||33||20||2||140||41||2||11||210||42||27||21|===|47||40||18||18||16||7||36||31||30||10||8||7||33||32||22|   |90||81||78||66||72||69||77||84||67||73||87||88||65||74||72||90||81||87||78||65||77||74||67||80||84||69||66||88||73|    )14, 15, 72, 69
110805569  |1.15||1.15||1.15||1.14||1.14||1.14||1.13||1.13||1.13||1.11||1.09||1.09||1.09||0.95|===|1.16||1.16||1.16||1.16||1.16||1.16||1.17||1.17||1.17||1.17||1.17||1.17||1.19||1.19||1.21|<===>|30||18||11||33||20||2||140||41||2||11||210||42||27||21|===|47||40||25||18||16||7||36||31||30||10||8||7||33||32||22|   |90||81||78||66||72||69||77||84||67||73||87||88||65||74||72||90||81||87||78||65||77||74||67||80||84||69||66||88||73|    )14, 15, 81, 68
110805825  |1.15||1.15||1.15||1.14||1.14||1.14||1.13||1.13||1.13||1.11||1.09||1.09||1.09||0.95|===|1.16||1.16||1.16||1.16||1.16||1.16||1.17||1.17||1.17||1.17||1.17||1.17||1.19||1.19||1.21|<===>|30||18||15||33||20||2||140||41||2||11||210||42||27||21|===|47||40||25||18||16||7||36||31||30||10||8||7||33||32||22|   |90||81||78||66||72||69||77||84||67||73||87||88||65||74||72||90||81||87||78||65||77||74||67||80||84||69||66||88||73|    )14, 15, 78, 17
110805825  |1.15||1.15||1.15||1.14||1.14||1.14||1.13||1.13||1.13||1.11||1.09||1.09||1.09||0.95|===|1.16||1.16||1.16||1.16||1.16||1.17||1.17||1.17||1.17||1.17||1.17||1.19||1.19||1.2||1.21|<===>|30||18||15||33||20||2||140||41||2||11||210||42||27||21|===|47||40||25||18||16||36||31||30||10||8||7||33||32||27||22|   |90||81||78||66||72||69||77||84||67||73||87||88||65||74||72||90||81||87||78||77||74||67||80||84||69||66||88||65||73|    )14, 15, 65, 76
110805829  |1.15||1.15||1.15||1.14||1.14||1.14||1.13||1.13||1.13||1.11||1.09||1.09||1.09||0.95|===|1.16||1.16||1.16||1.16||1.16||1.17||1.17||1.17||1.17||1.17||1.17||1.19||1.19||1.2||1.21|<===>|30||28||15||33||20||2||140||41||2||11||210||42||27||21|===|47||40||25||18||16||36||31||30||10||8||7||33||32||27||22|   |90||81||78||66||72||69||77||84||67||73||87||88||65||74||72||90||81||87||78||77||74||67||80||84||69||66||88||65||73|    )14, 15, 81, 17
110806078  |1.15||1.15||1.15||1.14||1.14||1.14||1.13||1.13||1.13||1.11||1.09||1.09||1.09||0.95|===|1.16||1.16||1.16||1.16||1.16||1.17||1.17||1.17||1.17||1.17||1.17||1.19||1.19||1.2||1.21|<===>|30||28||11||33||20||2||140||41||2||11||210||42||27||21|===|47||40||25||18||12||36||31||30||10||8||7||33||32||27||22|   |90||81||78||66||72||69||77||84||67||73||87||88||65||74||72||90||81||87||78||77||74||67||80||84||69||66||88||65||73|    )14, 15, 78, 85
110806078  |1.15||1.15||1.15||1.14||1.14||1.14||1.13||1.13||1.13||1.11||1.09||1.09||1.09||0.95|===|1.16||1.16||1.16||1.16||1.16||1.17||1.17||1.17||1.17||1.17||1.17||1.19||1.19||1.2||1.21|<===>|30||18||11||33||20||2||140||41||2||11||210||42||27||21|===|47||40||18||18||12||36||31||30||10||8||7||33||32||27||22|   |90||81||78||66||72||69||77||84||67||73||87||88||65||74||72||90||81||87||78||77||74||67||80||84||69||66||88||65||73|    )14, 15, 81, 85
110806083  |1.15||1.15||1.15||1.14||1.14||1.14||1.13||1.13||1.13||1.11||1.09||1.09||1.09||0.95|===|1.16||1.16||1.16||1.16||1.16||1.16||1.17||1.17||1.17||1.17||1.17||1.17||1.19||1.19||1.21|<===>|30||18||11||33||20||2||140||41||2||11||210||42||27||21|===|47||40||18||18||12||7||36||31||30||10||8||7||33||32||22|   |90||81||78||66||72||69||77||84||67||73||87||88||65||74||72||90||81||87||78||65||77||74||67||80||84||69||66||88||73|    )14, 15, 65, 76
110807081  |1.15||1.15||1.15||1.14||1.14||1.14||1.13||1.13||1.13||1.11||1.09||1.09||1.09||0.95|===|1.16||1.16||1.16||1.16||1.16||1.16||1.17||1.17||1.17||1.17||1.17||1.17||1.19||1.19||1.21|<===>|30||18||11||33||20||2||140||41||2||11||210||42||27||21|===|47||40||18||18||16||7||36||31||30||10||8||7||33||32||22|   |90||81||78||66||72||69||77||84||67||73||87||88||65||74||72||90||81||87||78||65||77||74||67||80||84||69||66||88||73|    )14, 15, 78, 68
110807086  |1.15||1.15||1.15||1.14||1.14||1.14||1.13||1.13||1.13||1.11||1.09||1.09||1.09||0.95|===|1.16||1.16||1.16||1.16||1.16||1.16||1.17||1.17||1.17||1.17||1.17||1.17||1.19||1.19||1.21|<===>|30||18||11||33||20||2||140||41||2||11||210||42||27||21|===|47||40||25||18||16||7||36||31||30||10||8||7||33||32||22|   |90||81||78||66||72||69||77||84||67||73||87||88||65||74||72||90||81||87||78||65||77||74||67||80||84||69||66||88||73|    )14, 15, 81, 68
110807777  |1.15||1.15||1.15||1.14||1.14||1.14||1.13||1.13||1.13||1.11||1.09||1.09||1.09||0.95|===|1.16||1.16||1.16||1.16||1.16||1.17||1.17||1.17||1.17||1.17||1.17||1.19||1.19||1.2||1.21|<===>|30||18||11||33||20||2||140||41||2||11||210||42||27||21|===|47||40||25||18||16||36||31||30||10||8||7||33||32||27||22|   |90||81||78||66||72||69||77||84||67||73||87||88||65||74||72||90||81||87||78||77||74||67||80||84||69||66||88||65||73|    )14, 15, 65, 76
110808383  |1.15||1.15||1.15||1.14||1.14||1.13||1.13||1.13||1.13||1.11||1.09||1.09||1.09||0.95|===|1.16||1.16||1.16||1.16||1.16||1.17||1.17||1.17||1.17||1.17||1.17||1.19||1.19||1.2||1.21|<===>|30||18||11||20||2||140||41||33||2||11||210||42||27||21|===|47||40||25||18||16||36||31||30||10||8||7||33||32||27||22|   |90||81||78||72||69||77||84||66||67||73||87||88||65||74||72||90||81||87||78||77||74||67||80||84||69||66||88||65||73|    )14, 15, 66, 2
110808789  |1.15||1.15||1.15||1.14||1.14||1.13||1.13||1.13||1.13||1.11||1.09||1.09||1.09||0.95|===|1.16||1.16||1.16||1.16||1.16||1.16||1.17||1.17||1.17||1.17||1.17||1.17||1.19||1.19||1.21|<===>|30||18||11||20||2||140||41||33||2||11||210||42||27||21|===|47||40||25||18||16||7||36||31||30||10||8||7||33||32||22|   |90||81||78||72||69||77||84||66||67||73||87||88||65||74||72||90||81||87||78||65||77||74||67||80||84||69||66||88||73|    )14, 15, 65, 76
110808958  |1.15||1.15||1.14||1.14||1.14||1.13||1.13||1.13||1.13||1.11||1.09||1.09||1.09||0.95|===|1.16||1.16||1.16||1.16||1.16||1.16||1.17||1.17||1.17||1.17||1.17||1.17||1.19||1.19||1.21|<===>|18||11||52||20||2||140||41||33||2||11||210||42||27||21|===|47||40||25||18||16||7||36||31||30||10||8||7||33||32||22|   |81||78||90||72||69||77||84||66||67||73||87||88||65||74||72||90||81||87||78||65||77||74||67||80||84||69||66||88||73|    )14, 15, 90, 19
110808959  |1.15||1.14||1.14||1.14||1.13||1.13||1.13||1.13||1.12||1.11||1.09||1.09||1.09||0.95|===|1.16||1.16||1.16||1.16||1.16||1.16||1.17||1.17||1.17||1.17||1.17||1.17||1.19||1.19||1.21|<===>|18||52||20||2||140||41||33||2||21||11||210||42||27||21|===|47||40||25||18||16||7||36||31||30||10||8||7||33||32||22|   |81||90||72||69||77||84||66||67||78||73||87||88||65||74||72||90||81||87||78||65||77||74||67||80||84||69||66||88||73|    )14, 15, 78, 19
110808959  |1.15||1.14||1.14||1.14||1.13||1.13||1.13||1.13||1.12||1.11||1.09||1.09||1.09||0.95|===|1.16||1.16||1.16||1.16||1.16||1.16||1.17||1.17||1.17||1.17||1.17||1.17||1.19||1.19||1.21|<===>|18||30||20||2||140||41||33||2||21||11||210||42||27||21|===|47||40||25||18||16||7||36||31||30||10||8||7||33||32||22|   |81||90||72||69||77||84||66||67||78||73||87||88||65||74||72||90||81||87||78||65||77||74||67||80||84||69||66||88||73|    )14, 15, 90, 1
110808959  |1.15||1.14||1.14||1.14||1.13||1.13||1.13||1.13||1.12||1.11||1.09||1.09||1.09||0.95|===|1.16||1.16||1.16||1.16||1.16||1.16||1.17||1.17||1.17||1.17||1.17||1.17||1.19||1.19||1.21|<===>|18||30||10||2||140||41||33||2||21||11||210||42||27||21|===|47||40||25||18||16||7||36||31||30||10||8||7||33||32||22|   |81||90||72||69||77||84||66||67||78||73||87||88||65||74||72||90||81||87||78||65||77||74||67||80||84||69||66||88||73|    )14, 15, 72, 1
110808959  |1.15||1.14||1.14||1.14||1.13||1.13||1.13||1.13||1.12||1.11||1.09||1.09||1.09||0.95|===|1.16||1.16||1.16||1.16||1.16||1.16||1.17||1.17||1.17||1.17||1.17||1.17||1.19||1.19||1.21|<===>|18||30||10||2||140||41||33||2||21||11||210||31||27||21|===|47||40||25||18||16||7||36||31||30||10||8||7||33||32||22|   |81||90||72||69||77||84||66||67||78||73||87||88||65||74||72||90||81||87||78||65||77||74||67||80||84||69||66||88||73|    )14, 15, 88, 1
110808960  |1.15||1.14||1.14||1.14||1.13||1.13||1.13||1.13||1.12||1.11||1.09||1.09||1.09||0.95|===|1.16||1.16||1.16||1.16||1.16||1.16||1.17||1.17||1.17||1.17||1.17||1.17||1.19||1.19||1.21|<===>|18||30||10||2||140||41||33||2||21||11||210||31||27||21|===|47||45||40||18||16||7||36||31||30||10||8||7||33||32||22|   |81||90||72||69||77||84||66||67||78||73||87||88||65||74||72||81||90||87||78||65||77||74||67||80||84||69||66||88||73|    )14, 15, 81, 68
110808960  |1.14||1.14||1.14||1.13||1.13||1.13||1.13||1.13||1.12||1.11||1.09||1.09||1.09||0.95|===|1.16||1.16||1.16||1.16||1.16||1.16||1.17||1.17||1.17||1.17||1.17||1.17||1.19||1.19||1.21|<===>|30||10||2||140||41||33||20||2||21||11||210||31||27||21|===|47||45||40||18||16||7||36||31||30||10||8||7||33||32||22|   |90||72||69||77||84||66||81||67||78||73||87||88||65||74||72||81||90||87||78||65||77||74||67||80||84||69||66||88||73|    )14, 15, 81, 51
110808960  |1.14||1.14||1.14||1.13||1.13||1.13||1.13||1.13||1.11||1.11||1.09||1.09||1.09||0.95|===|1.16||1.16||1.16||1.16||1.16||1.16||1.17||1.17||1.17||1.17||1.17||1.17||1.19||1.19||1.21|<===>|30||10||2||140||41||33||20||2||21||11||210||31||27||21|===|47||45||40||18||16||7||36||31||30||10||8||7||33||32||22|   |90||72||69||77||84||66||81||67||78||73||87||88||65||74||72||81||90||87||78||65||77||74||67||80||84||69||66||88||73|    )14, 15, 78, 2
110808960  |1.14||1.14||1.13||1.13||1.13||1.13||1.13||1.13||1.11||1.11||1.09||1.09||1.09||0.95|===|1.16||1.16||1.16||1.16||1.16||1.16||1.17||1.17||1.17||1.17||1.17||1.17||1.19||1.19||1.21|<===>|30||10||140||41||33||21||20||2||21||11||210||31||27||21|===|47||45||40||18||16||7||36||31||30||10||8||7||33||32||22|   |90||72||77||84||66||69||81||67||78||73||87||88||65||74||72||81||90||87||78||65||77||74||67||80||84||69||66||88||73|    )14, 15, 69, 19
110808960  |1.14||1.14||1.13||1.13||1.13||1.13||1.13||1.13||1.11||1.11||1.09||1.09||1.09||0.95|===|1.16||1.16||1.16||1.16||1.16||1.16||1.17||1.17||1.17||1.17||1.17||1.17||1.19||1.19||1.21|<===>|30||10||77||41||33||21||20||2||21||11||210||31||27||21|===|47||45||40||18||16||7||36||31||30||10||8||7||33||32||22|   |90||72||77||84||66||69||81||67||78||73||87||88||65||74||72||81||90||87||78||65||77||74||67||80||84||69||66||88||73|    )14, 15, 77, 1
110808960  |1.14||1.14||1.13||1.13||1.13||1.13||1.13||1.13||1.11||1.11||1.09||1.09||1.09||0.95|===|1.16||1.16||1.16||1.16||1.16||1.16||1.17||1.17||1.17||1.17||1.17||1.17||1.19||1.19||1.21|<===>|30||10||77||33||21||20||3||2||21||11||210||31||27||21|===|47||45||40||18||16||7||36||31||30||10||8||7||33||32||22|   |90||72||77||66||69||81||84||67||78||73||87||88||65||74||72||81||90||87||78||65||77||74||67||80||84||69||66||88||73|    )14, 15, 84, 1
110808960  |1.14||1.14||1.14||1.13||1.13||1.13||1.13||1.13||1.13||1.11||1.09||1.09||1.09||0.95|===|1.16||1.16||1.16||1.16||1.16||1.16||1.17||1.17||1.17||1.17||1.17||1.17||1.19||1.19||1.21|<===>|30||10||2||77||33||21||20||3||2||11||210||31||27||21|===|47||45||40||18||16||7||36||31||30||10||8||7||33||32||22|   |90||72||78||77||66||69||81||84||67||73||87||88||65||74||72||81||90||87||78||65||77||74||67||80||84||69||66||88||73|    )14, 15, 78, 19
110808960  |1.14||1.14||1.14||1.14||1.13||1.13||1.13||1.13||1.13||1.13||1.11||1.09||1.09||0.95|===|1.16||1.16||1.16||1.16||1.16||1.16||1.17||1.17||1.17||1.17||1.17||1.17||1.19||1.19||1.21|<===>|30||10||7||2||77||33||21||20||3||2||11||210||31||21|===|47||45||40||18||16||7||36||31||30||10||8||7||33||32||22|   |90||72||65||78||77||66||69||81||84||67||73||87||88||74||72||81||90||87||78||65||77||74||67||80||84||69||66||88||73|    )14, 15, 65, 19
110808961  |1.14||1.14||1.14||1.14||1.13||1.13||1.13||1.13||1.13||1.12||1.11||1.09||1.09||0.95|===|1.16||1.16||1.16||1.16||1.16||1.16||1.17||1.17||1.17||1.17||1.17||1.17||1.19||1.19||1.21|<===>|30||10||7||2||77||33||21||20||2||42||11||210||31||21|===|47||45||40||18||16||7||36||31||30||10||8||7||33||32||22|   |90||72||65||78||77||66||69||81||67||84||73||87||88||74||72||81||90||87||78||65||77||74||67||80||84||69||66||88||73|    )14, 15, 84, 3
110808961  |1.14||1.14||1.14||1.14||1.13||1.13||1.13||1.13||1.13||1.12||1.1||1.09||1.09||0.95|===|1.16||1.16||1.16||1.16||1.16||1.16||1.17||1.17||1.17||1.17||1.17||1.17||1.19||1.19||1.21|<===>|30||10||7||2||77||33||21||20||2||42||11||210||31||21|===|47||45||40||18||16||7||36||31||30||10||8||7||33||32||22|   |90||72||65||78||77||66||69||81||67||84||73||87||88||74||72||81||90||87||78||65||77||74||67||80||84||69||66||88||73|    )14, 15, 73, 2
110808961  |1.14||1.14||1.14||1.13||1.13||1.13||1.13||1.13||1.12||1.1||1.1||1.09||1.09||0.95|===|1.16||1.16||1.16||1.16||1.16||1.16||1.17||1.17||1.17||1.17||1.17||1.17||1.19||1.19||1.21|<===>|10||7||2||77||33||21||20||2||42||36||11||210||31||21|===|47||45||40||18||16||7||36||31||30||10||8||7||33||32||22|   |72||65||78||77||66||69||81||67||84||90||73||87||88||74||72||81||90||87||78||65||77||74||67||80||84||69||66||88||73|    )14, 15, 90, 19
110808961  |1.14||1.14||1.13||1.13||1.13||1.13||1.13||1.12||1.12||1.1||1.1||1.09||1.09||0.95|===|1.16||1.16||1.16||1.16||1.16||1.16||1.17||1.17||1.17||1.17||1.17||1.17||1.19||1.19||1.21|<===>|7||2||77||33||21||20||2||100||42||36||11||210||31||21|===|60||45||40||18||16||7||36||31||30||10||8||7||33||32||22|   |65||78||77||66||69||81||67||72||84||90||73||87||88||74||72||81||90||87||78||65||77||74||67||80||84||69||66||88||73|    )14, 15, 72, 87
110808961  |1.14||1.14||1.13||1.13||1.13||1.13||1.12||1.12||1.12||1.1||1.1||1.09||1.09||0.95|===|1.16||1.16||1.16||1.16||1.16||1.16||1.17||1.17||1.17||1.17||1.17||1.17||1.19||1.19||1.21|<===>|7||2||77||33||21||2||100||42||20||36||11||210||31||21|===|60||45||40||18||16||7||36||31||30||10||8||7||33||32||22|   |65||78||77||66||69||67||72||84||81||90||73||87||88||74||72||81||90||87||78||65||77||74||67||80||84||69||66||88||73|    )14, 15, 81, 2
110808962  |1.14||1.14||1.13||1.13||1.13||1.13||1.12||1.12||1.12||1.1||1.1||1.09||1.09||0.95|===|1.16||1.16||1.16||1.16||1.16||1.16||1.17||1.17||1.17||1.17||1.17||1.17||1.19||1.19||1.21|<===>|7||2||77||33||21||2||100||42||20||36||11||210||31||21|===|60||40||25||18||16||7||36||31||30||10||8||7||33||32||22|   |65||78||77||66||69||67||72||84||81||90||73||87||88||74||72||90||81||87||78||65||77||74||67||80||84||69||66||88||73|    )14, 15, 81, 68
110808962  |1.14||1.14||1.13||1.13||1.13||1.13||1.12||1.12||1.12||1.1||1.1||1.09||1.08||0.95|===|1.16||1.16||1.16||1.16||1.16||1.16||1.17||1.17||1.17||1.17||1.17||1.17||1.19||1.19||1.21|<===>|7||2||77||33||21||2||100||42||20||36||11||210||42||21|===|60||40||25||18||16||7||36||31||30||10||8||7||33||32||22|   |65||78||77||66||69||67||72||84||81||90||73||87||88||74||72||90||81||87||78||65||77||74||67||80||84||69||66||88||73|    )14, 15, 88, 3
110808962  |1.14||1.14||1.13||1.13||1.13||1.13||1.12||1.12||1.12||1.1||1.1||1.09||1.08||0.95|===|1.16||1.16||1.16||1.16||1.16||1.16||1.17||1.17||1.17||1.17||1.17||1.17||1.19||1.19||1.21|<===>|7||2||77||33||21||2||174||42||20||36||11||210||42||21|===|60||40||25||18||16||7||36||31||30||10||8||7||33||32||22|   |65||78||77||66||69||67||72||84||81||90||73||87||88||74||72||90||81||87||78||65||77||74||67||80||84||69||66||88||73|    )14, 15, 72, 1
110808962  |1.14||1.14||1.13||1.13||1.13||1.13||1.12||1.12||1.12||1.1||1.1||1.09||1.08||0.95|===|1.16||1.16||1.16||1.16||1.16||1.16||1.17||1.17||1.17||1.17||1.17||1.17||1.19||1.19||1.21|<===>|7||2||33||21||10||2||174||42||20||36||11||210||42||21|===|60||40||25||18||16||7||36||31||30||10||8||7||33||32||22|   |65||78||66||69||77||67||72||84||81||90||73||87||88||74||72||90||81||87||78||65||77||74||67||80||84||69||66||88||73|    )14, 15, 77, 1
110808963  |1.14||1.14||1.13||1.13||1.13||1.12||1.12||1.12||1.12||1.1||1.1||1.09||1.08||0.95|===|1.16||1.16||1.16||1.16||1.16||1.16||1.17||1.17||1.17||1.17||1.17||1.17||1.19||1.19||1.21|<===>|7||2||21||10||2||174||42||33||20||36||11||210||42||21|===|60||40||25||18||16||7||36||31||30||10||8||7||33||32||22|   |65||78||69||77||67||72||84||66||81||90||73||87||88||74||72||90||81||87||78||65||77||74||67||80||84||69||66||88||73|    )14, 15, 66, 2
110808963  |1.14||1.14||1.13||1.13||1.13||1.12||1.12||1.12||1.12||1.1||1.09||1.09||1.08||0.95|===|1.16||1.16||1.16||1.16||1.16||1.16||1.17||1.17||1.17||1.17||1.17||1.17||1.19||1.19||1.21|<===>|7||2||21||10||2||174||42||33||20||11||210||36||42||21|===|60||40||25||18||16||7||36||31||30||10||8||7||33||32||22|   |65||78||69||77||67||72||84||66||81||73||87||90||88||74||72||90||81||87||78||65||77||74||67||80||84||69||66||88||73|    )14, 15, 90, 2
110808963  |1.14||1.14||1.13||1.13||1.13||1.12||1.12||1.12||1.12||1.1||1.09||1.09||1.08||0.95|===|1.16||1.16||1.16||1.16||1.16||1.16||1.17||1.17||1.17||1.17||1.17||1.17||1.19||1.19||1.21|<===>|7||2||21||10||2||174||33||20||3||11||210||36||42||21|===|60||40||25||18||16||7||36||31||30||10||8||7||33||32||22|   |65||78||69||77||67||72||66||81||84||73||87||90||88||74||72||90||81||87||78||65||77||74||67||80||84||69||66||88||73|    )14, 15, 84, 1
110808963  |1.14||1.14||1.13||1.13||1.13||1.12||1.12||1.12||1.12||1.09||1.09||1.09||1.08||0.95|===|1.16||1.16||1.16||1.16||1.16||1.16||1.17||1.17||1.17||1.17||1.17||1.17||1.19||1.19||1.21|<===>|7||2||21||10||2||174||33||20||3||210||36||11||42||21|===|60||40||25||18||16||7||36||31||30||10||8||7||33||32||22|   |65||78||69||77||67||72||66||81||84||87||90||73||88||74||72||90||81||87||78||65||77||74||67||80||84||69||66||88||73|    )14, 15, 73, 2
110808964  |1.14||1.14||1.13||1.13||1.12||1.12||1.12||1.12||1.12||1.09||1.09||1.09||1.08||0.95|===|1.16||1.16||1.16||1.16||1.16||1.16||1.17||1.17||1.17||1.17||1.17||1.17||1.19||1.19||1.21|<===>|7||2||10||2||174||33||20||19||3||210||36||11||42||21|===|60||40||25||18||16||7||36||31||30||10||8||7||33||32||22|   |65||78||77||67||72||66||81||69||84||87||90||73||88||74||72||90||81||87||78||65||77||74||67||80||84||69||66||88||73|    )14, 15, 69, 3
110808964  |1.14||1.14||1.13||1.13||1.13||1.12||1.12||1.12||1.12||1.09||1.09||1.09||1.08||0.95|===|1.16||1.16||1.16||1.16||1.16||1.16||1.17||1.17||1.17||1.17||1.17||1.17||1.19||1.19||1.21|<===>|7||2||10||2||2||174||33||20||3||210||36||11||42||21|===|60||40||25||18||16||7||36||31||30||10||8||7||33||32||22|   |65||78||77||69||67||72||66||81||84||87||90||73||88||74||72||90||81||87||78||65||77||74||67||80||84||69||66||88||73|    )14, 15, 69, 3
110808964  |1.14||1.14||1.13||1.13||1.13||1.12||1.12||1.12||1.11||1.09||1.09||1.09||1.08||0.95|===|1.16||1.16||1.16||1.16||1.16||1.16||1.17||1.17||1.17||1.17||1.17||1.17||1.19||1.19||1.21|<===>|7||2||10||2||2||174||33||20||42||210||36||11||42||21|===|60||40||25||18||16||7||36||31||30||10||8||7||33||32||22|   |65||78||77||69||67||72||66||81||84||87||90||73||88||74||72||90||81||87||78||65||77||74||67||80||84||69||66||88||73|    )14, 15, 84, 3
110808964  |1.14||1.14||1.13||1.13||1.12||1.12||1.12||1.11||1.11||1.09||1.09||1.09||1.08||0.95|===|1.16||1.16||1.16||1.16||1.16||1.16||1.17||1.17||1.17||1.17||1.17||1.17||1.19||1.19||1.21|<===>|7||2||10||2||174||33||20||42||11||210||36||11||42||21|===|60||40||25||18||16||7||49||36||31||10||8||7||33||32||22|   |65||78||77||69||72||66||81||84||67||87||90||73||88||74||72||90||81||87||78||65||67||77||74||80||84||69||66||88||73|    )14, 15, 67, 7
110808965  |1.14||1.14||1.13||1.13||1.12||1.12||1.12||1.12||1.11||1.11||1.09||1.09||1.08||0.95|===|1.16||1.16||1.16||1.16||1.16||1.16||1.17||1.17||1.17||1.17||1.17||1.17||1.19||1.19||1.21|<===>|7||2||10||2||174||33||30||20||42||11||210||11||42||21|===|60||40||25||18||16||7||49||36||31||10||8||7||33||32||22|   |65||78||77||69||72||66||90||81||84||67||87||73||88||74||72||90||81||87||78||65||67||77||74||80||84||69||66||88||73|    )14, 15, 90, 3
110808965  |1.14||1.14||1.13||1.13||1.12||1.12||1.12||1.12||1.11||1.11||1.09||1.09||1.08||0.95|===|1.16||1.16||1.16||1.16||1.16||1.16||1.17||1.17||1.17||1.17||1.17||1.17||1.19||1.19||1.21|<===>|7||2||10||2||174||38||33||30||42||11||210||11||42||21|===|60||40||25||18||16||7||49||36||31||10||8||7||33||32||22|   |65||78||77||69||72||81||66||90||84||67||87||73||88||74||72||90||81||87||78||65||67||77||74||80||84||69||66||88||73|    )14, 15, 81, 1
110808967  |1.14||1.14||1.13||1.13||1.12||1.12||1.12||1.12||1.11||1.11||1.1||1.09||1.08||0.95|===|1.16||1.16||1.16||1.16||1.16||1.16||1.17||1.17||1.17||1.17||1.17||1.17||1.19||1.19||1.21|<===>|7||2||10||2||174||38||33||30||42||11||1||210||42||21|===|60||40||25||18||16||7||49||36||31||10||8||7||33||32||22|   |65||78||77||69||72||81||66||90||84||67||73||87||88||74||72||90||81||87||78||65||67||77||74||80||84||69||66||88||73|    )14, 15, 73, 3
110808967  |1.14||1.13||1.13||1.12||1.12||1.12||1.12||1.11||1.11||1.11||1.1||1.09||1.08||0.95|===|1.16||1.16||1.16||1.16||1.16||1.16||1.17||1.17||1.17||1.17||1.17||1.17||1.19||1.19||1.21|<===>|7||10||2||174||38||33||30||42||21||11||1||210||42||21|===|60||40||25||18||12||7||49||36||31||10||8||7||33||32||22|   |65||77||69||72||81||66||90||84||78||67||73||87||88||74||72||90||81||87||78||65||67||77||74||80||84||69||66||88||73|    )14, 15, 78, 87
110808967  |1.13||1.13||1.12||1.12||1.12||1.12||1.11||1.11||1.11||1.1||1.09||1.09||1.08||0.95|===|1.16||1.16||1.16||1.16||1.16||1.17||1.17||1.17||1.17||1.17||1.17||1.19||1.19||1.2||1.21|<===>|10||2||174||38||33||30||42||21||11||1||210||27||42||21|===|60||40||25||18||12||49||36||31||10||8||7||33||32||27||22|   |77||69||72||81||66||90||84||78||67||73||87||65||88||74||72||90||81||87||78||67||77||74||80||84||69||66||88||65||73|    )14, 15, 65, 127
110808968  |1.13||1.13||1.12||1.12||1.12||1.12||1.11||1.11||1.1||1.1||1.09||1.09||1.08||0.95|===|1.16||1.16||1.16||1.16||1.16||1.17||1.17||1.17||1.17||1.17||1.17||1.19||1.19||1.2||1.21|<===>|10||2||174||38||33||30||42||21||39||1||210||27||42||21|===|60||40||25||18||12||49||36||31||10||8||7||33||32||27||22|   |77||69||72||81||66||90||84||78||67||73||87||65||88||74||72||90||81||87||78||67||77||74||80||84||69||66||88||65||73|    )14, 15, 67, 3
110808968  |1.13||1.13||1.12||1.12||1.12||1.11||1.11||1.1||1.1||1.1||1.09||1.09||1.08||0.95|===|1.16||1.16||1.16||1.16||1.16||1.17||1.17||1.17||1.17||1.17||1.17||1.19||1.19||1.2||1.21|<===>|10||2||174||38||33||42||21||39||30||1||210||27||42||21|===|60||40||25||18||12||49||36||31||10||8||7||33||32||27||22|   |77||69||72||81||66||84||78||67||90||73||87||65||88||74||72||90||81||87||78||67||77||74||80||84||69||66||88||65||73|    )14, 15, 90, 2
110808968  |1.13||1.13||1.12||1.12||1.12||1.11||1.11||1.11||1.1||1.1||1.09||1.09||1.08||0.95|===|1.16||1.16||1.16||1.16||1.16||1.17||1.17||1.17||1.17||1.17||1.17||1.19||1.19||1.2||1.21|<===>|10||2||174||38||33||42||21||13||39||1||210||27||42||21|===|60||40||25||18||12||49||36||31||10||8||7||33||32||27||22|   |77||69||72||81||66||84||78||90||67||73||87||65||88||74||72||90||81||87||78||67||77||74||80||84||69||66||88||65||73|    )14, 15, 90, 3
110808968  |1.13||1.13||1.12||1.12||1.12||1.12||1.11||1.11||1.1||1.1||1.09||1.09||1.08||0.95|===|1.16||1.16||1.16||1.16||1.16||1.17||1.17||1.17||1.17||1.17||1.17||1.19||1.19||1.2||1.21|<===>|10||2||174||38||33||30||42||21||39||1||210||27||42||21|===|60||40||25||18||12||49||36||31||10||8||7||33||32||27||22|   |77||69||72||81||66||90||84||78||67||73||87||65||88||74||72||90||81||87||78||67||77||74||80||84||69||66||88||65||73|    )14, 15, 90, 3
110808968  |1.13||1.13||1.12||1.12||1.12||1.12||1.11||1.11||1.1||1.09||1.09||1.09||1.08||0.95|===|1.16||1.16||1.16||1.16||1.16||1.17||1.17||1.17||1.17||1.17||1.17||1.19||1.19||1.2||1.21|<===>|10||2||174||38||33||30||42||21||39||210||27||12||42||21|===|60||40||25||18||12||49||36||31||10||8||7||33||32||27||22|   |77||69||72||81||66||90||84||78||67||87||65||73||88||74||72||90||81||87||78||67||77||74||80||84||69||66||88||65||73|    )14, 15, 73, 3
110808969  |1.13||1.13||1.12||1.12||1.12||1.12||1.11||1.1||1.1||1.09||1.09||1.09||1.08||0.95|===|1.16||1.16||1.16||1.16||1.16||1.17||1.17||1.17||1.17||1.17||1.17||1.19||1.19||1.2||1.21|<===>|10||2||174||38||33||30||42||39||21||210||27||12||42||21|===|60||40||25||18||12||49||36||31||10||8||7||33||32||27||22|   |77||69||72||81||66||90||84||67||78||87||65||73||88||74||72||90||81||87||78||67||77||74||80||84||69||66||88||65||73|    )14, 15, 78, 2
110808969  |1.13||1.13||1.12||1.12||1.12||1.12||1.11||1.1||1.1||1.09||1.09||1.09||1.08||0.95|===|1.16||1.16||1.16||1.16||1.16||1.17||1.17||1.17||1.17||1.17||1.17||1.19||1.19||1.2||1.21|<===>|10||2||174||38||33||30||3||39||21||210||27||12||42||21|===|60||40||25||18||12||49||36||31||10||8||7||33||32||27||22|   |77||69||72||81||66||90||84||67||78||87||65||73||88||74||72||90||81||87||78||67||77||74||80||84||69||66||88||65||73|    )14, 15, 84, 1
110808969  |1.13||1.13||1.12||1.12||1.12||1.11||1.11||1.1||1.1||1.09||1.09||1.09||1.08||0.95|===|1.16||1.16||1.16||1.16||1.16||1.17||1.17||1.17||1.17||1.17||1.17||1.19||1.19||1.2||1.21|<===>|10||2||174||38||30||33||3||39||21||210||27||12||42||21|===|60||40||25||18||12||49||36||31||10||8||7||33||32||27||22|   |77||69||72||81||90||66||84||67||78||87||65||73||88||74||72||90||81||87||78||67||77||74||80||84||69||66||88||65||73|    )14, 15, 66, 2
110808969  |1.13||1.13||1.12||1.12||1.12||1.11||1.11||1.1||1.1||1.09||1.09||1.09||1.08||0.95|===|1.16||1.16||1.16||1.16||1.16||1.17||1.17||1.17||1.17||1.17||1.17||1.19||1.19||1.2||1.21|<===>|10||2||174||38||30||45||33||39||21||210||27||12||42||21|===|60||40||25||18||12||49||36||31||10||8||7||33||32||27||22|   |77||69||72||81||90||84||66||67||78||87||65||73||88||74||72||90||81||87||78||67||77||74||80||84||69||66||88||65||73|    )14, 15, 84, 1
110808970  |1.13||1.13||1.12||1.12||1.12||1.11||1.11||1.11||1.1||1.09||1.09||1.09||1.08||0.95|===|1.16||1.16||1.16||1.16||1.16||1.17||1.17||1.17||1.17||1.17||1.17||1.19||1.19||1.2||1.21|<===>|10||2||174||38||30||45||33||11||39||210||27||12||42||21|===|60||40||25||18||12||49||36||31||10||8||7||33||32||27||22|   |77||69||72||81||90||84||66||78||67||87||65||73||88||74||72||90||81||87||78||67||77||74||80||84||69||66||88||65||73|    )14, 15, 78, 3
110808970  |1.13||1.13||1.12||1.12||1.12||1.11||1.11||1.11||1.1||1.09||1.09||1.09||1.08||0.95|===|1.16||1.16||1.16||1.16||1.16||1.17||1.17||1.17||1.17||1.17||1.17||1.19||1.19||1.2||1.21|<===>|10||2||174||38||30||45||33||21||39||210||27||12||42||21|===|60||40||25||18||12||49||36||31||10||8||7||33||32||27||22|   |77||69||72||81||90||84||66||78||67||87||65||73||88||74||72||90||81||87||78||67||77||74||80||84||69||66||88||65||73|    )14, 15, 78, 1
110808971  |1.13||1.13||1.12||1.12||1.12||1.11||1.11||1.11||1.09||1.09||1.09||1.09||1.08||0.95|===|1.16||1.16||1.16||1.16||1.16||1.17||1.17||1.17||1.17||1.17||1.17||1.19||1.19||1.2||1.21|<===>|10||2||174||38||30||45||33||21||210||39||27||12||42||21|===|60||40||25||18||12||49||36||31||10||8||7||33||32||27||22|   |77||69||72||81||90||84||66||78||87||67||65||73||88||74||72||90||81||87||78||67||77||74||80||84||69||66||88||65||73|    )14, 15, 67, 2
110808971  |1.13||1.13||1.12||1.12||1.12||1.11||1.11||1.11||1.09||1.09||1.09||1.08||1.08||0.95|===|1.16||1.16||1.16||1.16||1.16||1.17||1.17||1.17||1.17||1.17||1.17||1.19||1.19||1.2||1.21|<===>|10||2||174||38||30||45||33||21||210||39||12||42||27||21|===|60||40||25||18||12||49||36||31||10||8||7||33||32||27||22|   |77||69||72||81||90||84||66||78||87||67||73||88||65||74||72||90||81||87||78||67||77||74||80||84||69||66||88||65||73|    )14, 15, 65, 2
110808971  |1.13||1.13||1.12||1.12||1.12||1.11||1.11||1.11||1.09||1.09||1.09||1.08||1.08||0.95|===|1.16||1.16||1.16||1.16||1.16||1.17||1.17||1.17||1.17||1.17||1.17||1.19||1.19||1.2||1.21|<===>|10||2||174||38||30||45||33||11||210||39||12||42||27||21|===|60||40||25||18||12||49||36||31||10||8||7||33||32||27||22|   |77||69||72||81||90||84||66||78||87||67||73||88||65||74||72||90||81||87||78||67||77||74||80||84||69||66||88||65||73|    )14, 15, 78, 1
110808971  |1.13||1.13||1.12||1.12||1.12||1.11||1.11||1.11||1.09||1.09||1.09||1.08||1.08||0.95|===|1.16||1.16||1.16||1.16||1.16||1.17||1.17||1.17||1.17||1.17||1.17||1.19||1.19||1.2||1.21|<===>|10||2||174||38||30||33||11||3||210||39||12||42||27||21|===|60||40||25||18||12||49||36||31||10||8||7||33||32||27||22|   |77||69||72||81||90||66||78||84||87||67||73||88||65||74||72||90||81||87||78||67||77||74||80||84||69||66||88||65||73|    )14, 15, 84, 1
110808971  |1.13||1.13||1.12||1.12||1.12||1.11||1.11||1.11||1.09||1.09||1.09||1.08||1.08||0.95|===|1.16||1.16||1.16||1.16||1.16||1.17||1.17||1.17||1.17||1.17||1.17||1.19||1.19||1.2||1.21|<===>|10||2||174||38||30||33||21||3||210||39||12||42||27||21|===|60||40||25||18||12||49||36||31||10||8||7||33||32||27||22|   |77||69||72||81||90||66||78||84||87||67||73||88||65||74||72||90||81||87||78||67||77||74||80||84||69||66||88||65||73|    )14, 15, 78, 1
110808971  |1.13||1.13||1.12||1.12||1.12||1.11||1.11||1.11||1.09||1.09||1.09||1.08||1.08||0.95|===|1.16||1.16||1.16||1.16||1.16||1.17||1.17||1.17||1.17||1.17||1.17||1.19||1.19||1.2||1.21|<===>|10||2||174||38||30||45||33||21||210||39||12||42||27||21|===|60||40||25||18||12||49||36||31||10||8||7||33||32||27||22|   |77||69||72||81||90||84||66||78||87||67||73||88||65||74||72||90||81||87||78||67||77||74||80||84||69||66||88||65||73|    )14, 15, 84, 1
110808971  |1.13||1.13||1.12||1.12||1.12||1.11||1.11||1.09||1.09||1.09||1.08||1.08||0.95||0.71|===|1.16||1.16||1.16||1.16||1.16||1.17||1.17||1.17||1.17||1.17||1.17||1.19||1.19||1.2||1.21|<===>|10||2||174||38||30||45||21||210||39||12||42||27||21||33|===|60||40||25||18||12||49||36||31||10||8||7||33||32||27||22|   |77||69||72||81||90||84||78||87||67||73||88||65||74||66||72||90||81||87||78||67||77||74||80||84||69||66||88||65||73|    )14, 15, 66, 2
110808971  |1.13||1.13||1.12||1.12||1.12||1.11||1.11||1.1||1.09||1.09||1.08||1.08||0.95||0.71|===|1.16||1.16||1.16||1.16||1.16||1.17||1.17||1.17||1.17||1.17||1.17||1.19||1.19||1.2||1.21|<===>|10||2||174||38||30||45||21||11||210||39||42||27||21||33|===|60||40||25||18||12||49||36||31||10||8||7||33||32||27||22|   |77||69||72||81||90||84||78||73||87||67||88||65||74||66||72||90||81||87||78||67||77||74||80||84||69||66||88||65||73|    )14, 15, 73, 3
110808971  |1.13||1.13||1.12||1.12||1.12||1.11||1.11||1.1||1.09||1.09||1.09||1.08||1.08||0.95|===|1.16||1.16||1.16||1.16||1.16||1.17||1.17||1.17||1.17||1.17||1.17||1.19||1.19||1.2||1.21|<===>|10||2||174||38||30||45||21||11||210||39||33||42||27||21|===|60||40||25||18||12||49||36||31||10||8||7||33||32||27||22|   |77||69||72||81||90||84||78||73||87||67||66||88||65||74||72||90||81||87||78||67||77||74||80||84||69||66||88||65||73|    )14, 15, 66, 2
110808972  |1.13||1.12||1.12||1.12||1.11||1.11||1.11||1.1||1.09||1.09||1.09||1.08||1.08||0.95|===|1.16||1.16||1.16||1.16||1.16||1.17||1.17||1.17||1.17||1.17||1.17||1.19||1.19||1.2||1.21|<===>|2||174||38||30||45||42||21||11||210||39||33||42||27||21|===|60||40||25||18||12||49||36||31||10||8||7||33||32||27||22|   |69||72||81||90||84||77||78||73||87||67||66||88||65||74||72||90||81||87||78||67||77||74||80||84||69||66||88||65||73|    )14, 15, 77, 19
110808972  |1.13||1.12||1.12||1.12||1.11||1.11||1.11||1.11||1.1||1.09||1.09||1.08||1.08||0.95|===|1.16||1.16||1.16||1.16||1.16||1.17||1.17||1.17||1.17||1.17||1.17||1.19||1.19||1.2||1.21|<===>|2||174||38||30||45||42||33||21||11||210||39||42||27||21|===|60||40||25||18||12||49||36||31||10||8||7||33||32||27||22|   |69||72||81||90||84||77||66||78||73||87||67||88||65||74||72||90||81||87||78||67||77||74||80||84||69||66||88||65||73|    )14, 15, 66, 2
110808974  |1.13||1.12||1.12||1.12||1.11||1.11||1.11||1.11||1.1||1.1||1.09||1.09||1.08||0.95|===|1.16||1.16||1.16||1.16||1.16||1.17||1.17||1.17||1.17||1.17||1.17||1.19||1.19||1.2||1.21|<===>|2||174||38||30||45||42||33||21||19||11||210||39||27||21|===|60||40||25||18||12||49||36||31||10||8||7||33||32||27||22|   |69||72||81||90||84||77||66||78||88||73||87||67||65||74||72||90||81||87||78||67||77||74||80||84||69||66||88||65||73|    )14, 15, 88, 3
110808975  |1.13||1.12||1.12||1.12||1.11||1.11||1.11||1.11||1.11||1.1||1.09||1.09||1.08||0.95|===|1.16||1.16||1.16||1.16||1.16||1.17||1.17||1.17||1.17||1.17||1.17||1.19||1.19||1.2||1.21|<===>|2||174||38||30||45||42||33||21||11||19||210||39||27||21|===|60||40||25||18||12||49||36||31||10||8||7||33||32||27||22|   |69||72||81||90||84||77||66||78||73||88||87||67||65||74||72||90||81||87||78||67||77||74||80||84||69||66||88||65||73|    )14, 15, 73, 2
110808978  |1.12||1.12||1.12||1.11||1.11||1.11||1.11||1.11||1.11||1.1||1.09||1.09||1.08||0.95|===|1.16||1.16||1.16||1.16||1.16||1.17||1.17||1.17||1.17||1.17||1.17||1.19||1.19||1.2||1.21|<===>|174||38||30||45||42||33||21||21||11||19||210||39||27||21|===|60||40||25||18||12||49||36||31||10||8||7||33||32||27||22|   |72||81||90||84||77||66||69||78||73||88||87||67||65||74||72||90||81||87||78||67||77||74||80||84||69||66||88||65||73|    )14, 15, 69, 51
110808978  |1.12||1.12||1.12||1.11||1.11||1.11||1.11||1.11||1.11||1.1||1.09||1.09||1.08||0.95|===|1.16||1.16||1.16||1.16||1.16||1.17||1.17||1.17||1.17||1.17||1.17||1.19||1.19||1.2||1.21|<===>|174||38||30||45||42||33||23||21||11||19||210||39||27||21|===|60||40||25||18||12||49||36||31||10||8||7||33||32||27||22|   |72||81||90||84||77||66||69||78||73||88||87||67||65||74||72||90||81||87||78||67||77||74||80||84||69||66||88||65||73|    )14, 15, 69, 1
110808981  |1.12||1.12||1.12||1.11||1.11||1.11||1.11||1.11||1.11||1.1||1.09||1.09||1.08||0.95|===|1.16||1.16||1.16||1.16||1.16||1.17||1.17||1.17||1.17||1.17||1.17||1.19||1.19||1.2||1.21|<===>|174||38||30||45||42||33||23||21||11||19||210||39||27||21|===|60||40||18||18||12||49||36||31||10||8||7||33||32||27||22|   |72||81||90||84||77||66||69||78||73||88||87||67||65||74||72||90||81||87||78||67||77||74||80||84||69||66||88||65||73|    )14, 15, 81, 68
110808982  |1.12||1.12||1.12||1.11||1.11||1.11||1.11||1.11||1.11||1.11||1.09||1.09||1.08||0.95|===|1.16||1.16||1.16||1.16||1.16||1.17||1.17||1.17||1.17||1.17||1.17||1.19||1.19||1.2||1.21|<===>|174||38||30||45||42||33||23||21||11||2||210||39||27||21|===|60||40||18||18||12||49||36||31||10||8||7||33||32||27||22|   |72||81||90||84||77||66||69||78||73||88||87||67||65||74||72||90||81||87||78||67||77||74||80||84||69||66||88||65||73|    )14, 15, 88, 3
110808984  |1.12||1.12||1.12||1.11||1.11||1.11||1.11||1.11||1.11||1.11||1.09||1.09||1.08||0.95|===|1.16||1.16||1.16||1.16||1.16||1.17||1.17||1.17||1.17||1.17||1.17||1.19||1.19||1.2||1.21|<===>|174||38||30||93||45||33||23||21||11||2||210||39||27||21|===|60||40||18||18||12||49||36||31||10||8||7||33||32||27||22|   |72||81||90||77||84||66||69||78||73||88||87||67||65||74||72||90||81||87||78||67||77||74||80||84||69||66||88||65||73|    )14, 15, 77, 1
110808985  |1.12||1.12||1.12||1.11||1.11||1.11||1.11||1.11||1.11||1.11||1.09||1.08||1.08||0.95|===|1.16||1.16||1.16||1.16||1.16||1.17||1.17||1.17||1.17||1.17||1.17||1.19||1.19||1.2||1.21|<===>|174||38||30||93||45||33||23||21||11||2||39||192||27||21|===|60||40||18||18||12||49||36||31||10||8||7||33||32||27||22|   |72||81||90||77||84||66||69||78||73||88||67||87||65||74||72||90||87||81||78||67||77||74||80||84||69||66||88||65||73|    )14, 15, 87, 3
110808991  |1.12||1.12||1.12||1.11||1.11||1.11||1.11||1.11||1.11||1.11||1.1||1.08||1.08||0.95|===|1.16||1.16||1.16||1.16||1.16||1.17||1.17||1.17||1.17||1.17||1.17||1.19||1.19||1.2||1.21|<===>|174||38||30||93||45||33||23||21||11||2||39||192||27||21|===|60||40||18||18||12||49||36||31||10||8||7||33||32||27||22|   |72||81||90||77||84||66||69||78||73||88||67||87||65||74||72||90||87||81||78||67||77||74||80||84||69||66||88||65||73|    )14, 15, 67, 2
110808995  |1.12||1.12||1.12||1.12||1.11||1.11||1.11||1.11||1.11||1.11||1.1||1.08||1.08||0.95|===|1.16||1.16||1.16||1.16||1.16||1.17||1.17||1.17||1.17||1.17||1.17||1.19||1.19||1.2||1.21|<===>|174||38||30||2||93||45||33||21||11||2||39||192||27||21|===|60||40||18||18||12||49||36||31||10||8||7||33||32||27||22|   |72||81||90||69||77||84||66||78||73||88||67||87||65||74||72||90||87||81||78||67||77||74||80||84||69||66||88||65||73|    )14, 15, 69, 19
110809000  |1.12||1.12||1.12||1.12||1.11||1.11||1.11||1.11||1.11||1.11||1.1||1.08||1.08||0.95|===|1.16||1.16||1.16||1.16||1.16||1.17||1.17||1.17||1.17||1.17||1.17||1.19||1.19||1.2||1.21|<===>|174||38||30||2||93||45||33||21||11||2||39||192||27||21|===|60||40||38||18||12||49||36||31||10||8||7||33||32||27||22|   |72||81||90||69||77||84||66||78||73||88||67||87||65||74||72||90||81||87||78||67||77||74||80||84||69||66||88||65||73|    )14, 15, 81, 68
110809001  |1.12||1.12||1.12||1.12||1.11||1.11||1.11||1.11||1.11||1.11||1.1||1.08||1.08||0.95|===|1.16||1.16||1.16||1.16||1.16||1.17||1.17||1.17||1.17||1.17||1.17||1.19||1.19||1.2||1.21|<===>|174||38||30||2||93||45||33||21||11||2||39||192||27||21|===|60||45||40||18||12||49||36||31||10||8||7||33||32||27||22|   |72||81||90||69||77||84||66||78||73||88||67||87||65||74||72||81||90||87||78||67||77||74||80||84||69||66||88||65||73|    )14, 15, 81, 68
110809002  |1.13||1.12||1.12||1.12||1.12||1.11||1.11||1.11||1.11||1.11||1.1||1.08||1.08||0.95|===|1.16||1.16||1.16||1.16||1.16||1.17||1.17||1.17||1.17||1.17||1.17||1.19||1.19||1.2||1.21|<===>|10||174||38||30||2||45||33||21||11||2||39||192||27||21|===|60||45||40||18||12||49||36||31||10||8||7||33||32||27||22|   |77||72||81||90||69||84||66||78||73||88||67||87||65||74||72||81||90||87||78||67||77||74||80||84||69||66||88||65||73|    )14, 15, 77, 51
110809009  |1.13||1.13||1.12||1.12||1.12||1.11||1.11||1.11||1.11||1.11||1.1||1.08||1.08||0.95|===|1.16||1.16||1.16||1.16||1.16||1.17||1.17||1.17||1.17||1.17||1.17||1.19||1.19||1.2||1.21|<===>|30||10||174||38||2||45||33||21||11||2||39||192||27||21|===|60||45||40||18||12||49||36||31||10||8||7||33||32||27||22|   |90||77||72||81||69||84||66||78||73||88||67||87||65||74||72||81||90||87||78||67||77||74||80||84||69||66||88||65||73|    )14, 15, 90, 18
110809009  |1.13||1.13||1.13||1.12||1.12||1.11||1.11||1.11||1.11||1.11||1.1||1.08||1.08||0.95|===|1.16||1.16||1.16||1.16||1.16||1.17||1.17||1.17||1.17||1.17||1.17||1.19||1.19||1.2||1.21|<===>|30||10||9||174||2||45||33||21||11||2||39||192||27||21|===|60||45||40||18||12||49||36||31||10||8||7||33||32||27||22|   |90||77||81||72||69||84||66||78||73||88||67||87||65||74||72||81||90||87||78||67||77||74||80||84||69||66||88||65||73|    )14, 15, 81, 19
110809011  |1.13||1.13||1.13||1.12||1.12||1.11||1.11||1.11||1.11||1.11||1.1||1.08||1.08||0.95|===|1.16||1.16||1.16||1.16||1.16||1.17||1.17||1.17||1.17||1.17||1.17||1.19||1.19||1.2||1.21|<===>|30||10||9||174||11||45||33||21||11||2||39||192||27||21|===|60||45||40||18||12||49||36||31||10||8||7||33||32||27||22|   |90||77||81||72||69||84||66||78||73||88||67||87||65||74||72||81||90||87||78||67||77||74||80||84||69||66||88||65||73|    )14, 15, 69, 1
110809013  |1.13||1.13||1.13||1.12||1.12||1.11||1.11||1.11||1.11||1.11||1.11||1.08||1.08||0.95|===|1.16||1.16||1.16||1.16||1.16||1.17||1.17||1.17||1.17||1.17||1.17||1.19||1.19||1.2||1.21|<===>|30||10||9||174||11||45||33||21||11||2||2||192||27||21|===|60||45||40||18||12||63||36||31||10||8||7||33||32||27||22|   |90||77||81||72||69||84||66||78||73||67||88||87||65||74||72||81||90||87||78||67||77||74||80||84||69||66||88||65||73|    )14, 15, 67, 7
110809019  |1.13||1.13||1.13||1.12||1.12||1.11||1.11||1.11||1.11||1.11||1.11||1.08||1.08||0.95|===|1.16||1.16||1.16||1.16||1.16||1.17||1.17||1.17||1.17||1.17||1.17||1.19||1.19||1.2||1.21|<===>|30||10||9||186||11||45||33||21||11||2||2||192||27||21|===|60||45||40||18||12||63||36||31||10||8||7||33||32||27||22|   |90||77||81||72||69||84||66||78||73||67||88||87||65||74||72||81||90||87||78||67||77||74||80||84||69||66||88||65||73|    )14, 15, 72, 1
110809030  |1.13||1.13||1.13||1.12||1.12||1.11||1.11||1.11||1.11||1.11||1.11||1.08||1.08||0.95|===|1.16||1.16||1.16||1.16||1.16||1.16||1.17||1.17||1.17||1.17||1.17||1.19||1.19||1.2||1.21|<===>|30||10||9||186||11||45||33||21||11||2||2||192||27||21|===|60||45||40||18||12||2||63||36||31||10||8||33||32||27||22|   |90||77||81||72||69||84||66||78||73||67||88||87||65||74||72||81||90||87||78||69||67||77||74||80||84||66||88||65||73|    )14, 15, 69, 76
110809030  |1.13||1.13||1.13||1.12||1.12||1.11||1.11||1.11||1.11||1.11||1.11||1.08||1.08||0.95|===|1.16||1.16||1.16||1.16||1.16||1.16||1.17||1.17||1.17||1.17||1.17||1.19||1.19||1.2||1.21|<===>|30||27||10||186||11||45||33||21||11||2||2||192||27||21|===|60||45||40||18||12||2||63||36||31||10||8||33||32||27||22|   |90||81||77||72||69||84||66||78||73||67||88||87||65||74||72||81||90||87||78||69||67||77||74||80||84||66||88||65||73|    )14, 15, 81, 17
110809032  |1.13||1.13||1.12||1.12||1.11||1.11||1.11||1.11||1.11||1.11||1.11||1.08||1.08||0.95|===|1.16||1.16||1.16||1.16||1.16||1.16||1.17||1.17||1.17||1.17||1.17||1.19||1.19||1.2||1.21|<===>|30||27||186||11||93||45||33||21||11||2||2||192||27||21|===|60||45||40||18||12||2||63||36||31||10||8||33||32||27||22|   |90||81||72||69||77||84||66||78||73||67||88||87||65||74||72||81||90||87||78||69||67||77||74||80||84||66||88||65||73|    )14, 15, 77, 19
110809033  |1.13||1.13||1.12||1.12||1.11||1.11||1.11||1.11||1.11||1.11||1.11||1.08||1.08||0.95|===|1.16||1.16||1.16||1.16||1.16||1.16||1.17||1.17||1.17||1.17||1.17||1.19||1.19||1.2||1.21|<===>|30||27||186||2||93||45||33||21||11||2||2||192||27||21|===|60||45||40||18||12||2||63||36||31||10||8||33||32||27||22|   |90||81||72||69||77||84||66||78||73||67||88||87||65||74||72||81||90||87||78||69||67||77||74||80||84||66||88||65||73|    )14, 15, 69, 1
110809041  |1.13||1.13||1.13||1.12||1.11||1.11||1.11||1.11||1.11||1.11||1.11||1.08||1.08||0.95|===|1.16||1.16||1.16||1.16||1.16||1.16||1.17||1.17||1.17||1.17||1.17||1.19||1.19||1.2||1.21|<===>|30||27||10||2||93||45||33||21||11||2||2||192||27||21|===|60||45||40||18||12||2||63||36||31||10||8||33||32||27||22|   |90||81||72||69||77||84||66||78||73||67||88||87||65||74||72||81||90||87||78||69||67||77||74||80||84||66||88||65||73|    )14, 15, 72, 19
110809041  |1.13||1.13||1.13||1.12||1.11||1.11||1.11||1.11||1.11||1.11||1.11||1.08||1.08||0.95|===|1.16||1.16||1.16||1.16||1.16||1.16||1.17||1.17||1.17||1.17||1.17||1.19||1.19||1.2||1.21|<===>|30||27||10||2||93||45||33||21||11||2||2||192||27||21|===|84||45||40||18||12||2||63||36||31||10||8||33||32||27||22|   |90||81||72||69||77||84||66||78||73||67||88||87||65||74||72||81||90||87||78||69||67||77||74||80||84||66||88||65||73|    )14, 15, 72, 68
110809045  |1.13||1.13||1.13||1.12||1.11||1.11||1.11||1.11||1.11||1.11||1.11||1.08||1.08||0.95|===|1.16||1.16||1.16||1.16||1.16||1.16||1.16||1.17||1.17||1.17||1.17||1.19||1.19||1.2||1.21|<===>|30||27||10||2||93||45||33||21||11||2||2||192||27||21|===|84||45||40||18||12||10||2||63||31||10||8||33||32||27||22|   |90||81||72||69||77||84||66||78||73||67||88||87||65||74||72||81||90||87||78||77||69||67||74||80||84||66||88||65||73|    )14, 15, 77, 76
110809063  |1.13||1.13||1.13||1.12||1.11||1.11||1.11||1.11||1.11||1.11||1.11||1.08||1.08||0.95|===|1.16||1.16||1.16||1.16||1.16||1.16||1.16||1.17||1.17||1.17||1.17||1.19||1.19||1.2||1.21|<===>|30||27||10||2||93||45||33||21||11||2||2||192||27||21|===|147||45||40||18||12||10||2||63||31||10||8||33||32||27||22|   |90||81||72||69||77||84||66||78||73||67||88||87||65||74||72||81||90||87||78||77||69||67||74||80||84||66||88||65||73|    )14, 15, 72, 68
110809063  |1.13||1.13||1.13||1.12||1.11||1.11||1.11||1.11||1.11||1.11||1.11||1.08||1.08||0.95|===|1.16||1.16||1.16||1.16||1.16||1.16||1.16||1.17||1.17||1.17||1.17||1.19||1.19||1.2||1.21|<===>|30||27||10||2||93||45||33||21||11||2||2||192||27||21|===|147||45||40||20||18||12||2||63||31||10||8||33||32||27||22|   |90||81||72||69||77||84||66||78||73||67||88||87||65||74||72||81||90||77||87||78||69||67||74||80||84||66||88||65||73|    )14, 15, 77, 68
110809065  |1.13||1.13||1.13||1.12||1.11||1.11||1.11||1.11||1.11||1.11||1.11||1.08||1.08||0.95|===|1.16||1.16||1.16||1.16||1.16||1.16||1.16||1.17||1.17||1.17||1.17||1.19||1.19||1.2||1.21|<===>|50||30||27||2||93||45||33||21||11||2||2||192||27||21|===|156||45||40||20||18||12||2||63||31||10||8||33||32||27||22|   |72||90||81||69||77||84||66||78||73||67||88||87||65||74||72||81||90||77||87||78||69||67||74||80||84||66||88||65||73|    )14, 15, 72, 85
110809066  |1.13||1.13||1.13||1.13||1.11||1.11||1.11||1.11||1.11||1.11||1.11||1.08||1.08||0.95|===|1.16||1.16||1.16||1.16||1.16||1.16||1.16||1.17||1.17||1.17||1.17||1.19||1.19||1.2||1.21|<===>|50||30||27||2||93||45||33||21||11||2||2||192||27||21|===|156||45||40||20||18||12||2||63||31||10||8||33||32||27||22|   |72||90||81||69||77||84||66||78||73||67||88||87||65||74||72||81||90||77||87||78||69||67||74||80||84||66||88||65||73|    )14, 15, 69, 18
110809067  |1.13||1.13||1.13||1.13||1.13||1.11||1.11||1.11||1.11||1.11||1.11||1.08||1.08||0.95|===|1.16||1.16||1.16||1.16||1.16||1.16||1.16||1.17||1.17||1.17||1.17||1.19||1.19||1.2||1.21|<===>|50||30||27||10||2||93||45||33||11||2||2||192||27||21|===|156||45||40||20||18||12||2||63||31||10||8||33||32||27||22|   |72||90||81||78||69||77||84||66||73||67||88||87||65||74||72||81||90||77||87||78||69||67||74||80||84||66||88||65||73|    )14, 15, 78, 19
110809068  |1.13||1.13||1.13||1.13||1.13||1.11||1.11||1.11||1.11||1.11||1.11||1.08||1.08||0.95|===|1.16||1.16||1.16||1.16||1.16||1.16||1.16||1.17||1.17||1.17||1.17||1.19||1.19||1.2||1.21|<===>|50||30||27||21||2||93||45||33||11||2||2||192||27||21|===|156||45||40||20||18||12||2||63||31||10||8||33||32||27||22|   |72||90||81||78||69||77||84||66||73||67||88||87||65||74||72||81||90||77||87||78||69||67||74||80||84||66||88||65||73|    )14, 15, 78, 17
110809068  |1.13||1.13||1.13||1.13||1.13||1.11||1.11||1.11||1.11||1.11||1.1||1.08||1.08||0.95|===|1.16||1.16||1.16||1.16||1.16||1.16||1.16||1.17||1.17||1.17||1.17||1.19||1.19||1.2||1.21|<===>|50||30||27||21||2||93||45||33||2||2||11||192||27||21|===|156||45||40||20||18||12||2||63||31||10||8||33||32||27||22|   |72||90||81||78||69||77||84||66||67||88||73||87||65||74||72||81||90||77||87||78||69||67||74||80||84||66||88||65||73|    )14, 15, 73, 2
110809069  |1.13||1.13||1.13||1.13||1.13||1.12||1.11||1.11||1.11||1.11||1.1||1.08||1.08||0.95|===|1.16||1.16||1.16||1.16||1.16||1.16||1.16||1.17||1.17||1.17||1.17||1.17||1.19||1.2||1.21|<===>|50||30||27||21||2||33||93||45||2||2||11||192||27||21|===|156||45||40||20||18||12||2||63||33||31||10||8||32||27||22|   |72||90||81||78||69||66||77||84||67||88||73||87||65||74||72||81||90||77||87||78||69||67||66||74||80||84||88||65||73|    )14, 15, 66, 10
110809070  |1.13||1.13||1.13||1.13||1.13||1.12||1.11||1.11||1.11||1.11||1.1||1.08||1.08||0.95|===|1.16||1.16||1.16||1.16||1.16||1.16||1.16||1.16||1.17||1.17||1.17||1.17||1.19||1.2||1.21|<===>|50||30||27||21||2||33||93||45||2||2||11||192||27||21|===|156||45||40||20||18||14||12||2||63||33||31||10||32||27||22|   |72||90||81||78||69||66||77||84||67||88||73||87||65||74||72||81||90||77||87||84||78||69||67||66||74||80||88||65||73|    )14, 15, 84, 76
110809070  |1.13||1.13||1.13||1.13||1.13||1.12||1.11||1.11||1.11||1.11||1.1||1.08||1.08||0.95|===|1.16||1.16||1.16||1.16||1.16||1.16||1.16||1.16||1.17||1.17||1.17||1.17||1.19||1.2||1.21|<===>|50||30||27||21||2||33||93||45||2||2||11||192||27||21|===|156||45||40||20||18||17||12||2||63||33||31||10||32||27||22|   |72||90||81||78||69||66||77||84||67||88||73||87||65||74||72||81||90||77||87||84||78||69||67||66||74||80||88||65||73|    )14, 15, 84, 68
110809073  |1.13||1.13||1.13||1.13||1.13||1.12||1.11||1.11||1.11||1.11||1.1||1.08||1.08||0.95|===|1.16||1.16||1.16||1.16||1.16||1.16||1.16||1.16||1.17||1.17||1.17||1.17||1.19||1.2||1.21|<===>|50||30||27||21||2||33||93||45||2||2||11||192||27||21|===|156||45||40||20||18||18||17||12||63||33||31||10||32||27||22|   |72||90||81||78||69||66||77||84||67||88||73||87||65||74||72||81||90||77||69||87||84||78||67||66||74||80||88||65||73|    )14, 15, 69, 68
110809073  |1.13||1.13||1.13||1.13||1.13||1.12||1.11||1.11||1.11||1.11||1.1||1.08||1.07||0.95|===|1.16||1.16||1.16||1.16||1.16||1.16||1.16||1.16||1.17||1.17||1.17||1.17||1.19||1.2||1.21|<===>|50||30||27||21||2||33||93||45||2||2||11||27||232||21|===|156||45||40||20||18||18||17||12||63||33||31||10||32||27||22|   |72||90||81||78||69||66||77||84||67||88||73||65||87||74||72||81||90||77||87||69||84||78||67||66||74||80||88||65||73|    )14, 15, 87, 3
110809082  |1.13||1.13||1.13||1.13||1.13||1.12||1.11||1.11||1.11||1.11||1.1||1.08||1.07||0.95|===|1.16||1.16||1.16||1.16||1.16||1.16||1.16||1.16||1.16||1.17||1.17||1.17||1.17||1.2||1.21|<===>|50||30||27||21||2||33||93||45||2||2||11||27||232||21|===|156||45||40||20||18||18||17||16||12||63||33||31||10||27||22|   |72||90||81||78||69||66||77||84||88||67||73||65||87||74||72||81||90||77||87||69||84||88||78||67||66||74||80||65||73|    )14, 15, 88, 76
110809082  |1.13||1.13||1.13||1.13||1.13||1.12||1.11||1.11||1.11||1.11||1.1||1.08||1.07||0.95|===|1.16||1.16||1.16||1.16||1.16||1.16||1.16||1.16||1.16||1.16||1.17||1.17||1.17||1.2||1.21|<===>|50||30||27||21||2||33||93||45||2||2||11||27||232||21|===|156||45||40||20||18||18||17||16||16||12||33||31||10||27||22|   |72||90||81||78||69||66||77||84||67||88||73||65||87||74||72||81||90||77||87||69||84||67||88||78||66||74||80||65||73|    )14, 15, 67, 76
110809085  |1.13||1.13||1.13||1.13||1.13||1.13||1.12||1.11||1.11||1.11||1.11||1.1||1.08||0.95|===|1.16||1.16||1.16||1.16||1.16||1.16||1.16||1.16||1.16||1.16||1.17||1.17||1.17||1.2||1.21|<===>|50||30||27||21||16||2||33||93||45||2||2||11||27||21|===|156||45||40||20||18||18||17||16||16||12||33||31||10||27||22|   |72||90||81||78||87||69||66||77||84||67||88||73||65||74||72||81||90||77||87||69||84||67||88||78||66||74||80||65||73|    )14, 15, 87, 19
110809086  |1.13||1.13||1.13||1.13||1.13||1.13||1.12||1.11||1.11||1.11||1.11||1.1||1.08||0.95|===|1.16||1.16||1.16||1.16||1.16||1.16||1.16||1.16||1.16||1.16||1.17||1.17||1.17||1.2||1.21|<===>|50||30||27||21||16||2||33||52||45||2||2||11||27||21|===|156||45||40||20||18||18||17||16||16||12||33||31||10||27||22|   |72||90||81||78||87||69||66||77||84||67||88||73||65||74||72||81||90||77||87||69||84||67||88||78||66||74||80||65||73|    )14, 15, 77, 1
110809089  |1.13||1.13||1.13||1.13||1.13||1.13||1.12||1.11||1.11||1.11||1.11||1.1||1.08||0.95|===|1.16||1.16||1.16||1.16||1.16||1.16||1.16||1.16||1.16||1.16||1.16||1.17||1.17||1.17||1.2|<===>|50||30||27||21||16||2||33||52||45||2||2||11||27||21|===|156||45||40||20||18||18||17||16||16||16||12||33||31||10||27|   |72||90||81||78||87||69||66||77||84||67||88||73||65||74||72||81||90||77||87||69||84||73||67||88||78||66||74||80||65|    )14, 15, 73, 76
110809096  |1.13||1.13||1.13||1.13||1.13||1.13||1.12||1.11||1.11||1.11||1.11||1.1||1.08||0.95|===|1.16||1.16||1.16||1.16||1.16||1.16||1.16||1.16||1.16||1.16||1.16||1.16||1.17||1.17||1.17|<===>|50||30||27||21||16||2||33||52||45||2||2||11||27||21|===|156||45||40||20||18||18||17||16||16||16||12||10||33||31||10|   |72||90||81||78||87||69||66||77||84||67||88||73||65||74||72||81||90||77||87||69||84||73||67||88||78||65||66||74||80|    )14, 15, 65, 76
110809096  |1.13||1.13||1.13||1.13||1.13||1.13||1.12||1.11||1.11||1.11||1.11||1.1||1.08||0.95|===|1.16||1.16||1.16||1.16||1.16||1.16||1.16||1.16||1.16||1.16||1.16||1.16||1.17||1.17||1.17|<===>|50||30||27||21||16||2||33||143||45||2||2||11||27||21|===|156||45||40||20||18||18||17||16||16||16||12||10||33||31||10|   |72||90||81||78||87||69||66||77||84||67||88||73||65||74||72||81||90||77||87||69||84||73||67||88||78||65||66||74||80|    )14, 15, 77, 1
110809096  |1.13||1.13||1.13||1.13||1.13||1.13||1.12||1.11||1.11||1.11||1.11||1.1||1.08||0.95|===|1.16||1.16||1.16||1.16||1.16||1.16||1.16||1.16||1.16||1.16||1.16||1.16||1.17||1.17||1.17|<===>|50||30||27||21||16||2||33||143||45||2||2||11||27||21|===|156||45||40||33||18||18||17||16||16||16||12||10||33||31||10|   |72||90||81||78||87||69||66||77||84||67||88||73||65||74||72||81||90||77||87||69||84||73||67||88||78||65||66||74||80|    )14, 15, 77, 68
110809100  |1.13||1.13||1.13||1.13||1.13||1.13||1.12||1.11||1.11||1.11||1.11||1.1||1.08||0.95|===|1.16||1.16||1.16||1.16||1.16||1.16||1.16||1.16||1.16||1.16||1.16||1.16||1.16||1.17||1.17|<===>|50||30||27||21||16||2||33||143||45||2||2||11||27||21|===|156||45||40||33||18||18||17||16||16||16||12||10||10||33||10|   |72||90||81||78||87||69||66||77||84||67||88||73||65||74||72||81||90||77||87||69||84||73||67||88||78||74||65||66||80|    )14, 15, 74, 76
110809100  |1.13||1.13||1.13||1.13||1.13||1.13||1.13||1.12||1.11||1.11||1.11||1.1||1.08||0.95|===|1.16||1.16||1.16||1.16||1.16||1.16||1.16||1.16||1.16||1.16||1.16||1.16||1.16||1.17||1.17|<===>|50||30||27||21||16||16||2||33||143||45||2||11||27||21|===|156||45||40||33||18||18||17||16||16||16||12||10||10||33||10|   |72||90||81||78||67||87||69||66||77||84||88||73||65||74||72||81||90||77||87||69||84||67||73||88||78||74||65||66||80|    )14, 15, 67, 19
110809101  |1.13||1.13||1.13||1.13||1.13||1.13||1.13||1.12||1.11||1.11||1.11||1.1||1.08||0.95|===|1.16||1.16||1.16||1.16||1.16||1.16||1.16||1.16||1.16||1.16||1.16||1.16||1.16||1.17||1.17|<===>|50||30||27||21||16||16||2||33||143||45||2||11||27||21|===|156||45||40||33||18||18||17||17||16||16||12||10||10||33||10|   |72||90||81||78||67||87||69||66||77||84||88||73||65||74||72||81||90||77||87||69||67||84||73||88||78||74||65||66||80|    )14, 15, 67, 68
110809115  |1.13||1.13||1.13||1.13||1.13||1.13||1.13||1.12||1.11||1.11||1.11||1.1||1.08||0.95|===|1.16||1.16||1.16||1.16||1.16||1.16||1.16||1.16||1.16||1.16||1.16||1.16||1.16||1.17||1.17|<===>|50||30||27||21||16||16||2||33||143||45||2||11||27||21|===|156||45||40||33||20||18||18||17||17||16||16||12||10||33||10|   |72||90||81||78||67||87||69||66||77||84||88||73||65||74||72||81||90||77||74||87||69||67||84||73||88||78||65||66||80|    )14, 15, 74, 68
110809117  |1.13||1.13||1.13||1.13||1.13||1.13||1.13||1.12||1.11||1.11||1.11||1.1||1.08||0.95|===|1.16||1.16||1.16||1.16||1.16||1.16||1.16||1.16||1.16||1.16||1.16||1.16||1.16||1.17||1.17|<===>|50||30||27||23||21||16||2||33||143||45||2||11||27||21|===|156||45||40||33||25||20||18||18||17||16||16||12||10||33||10|   |72||90||81||67||78||87||69||66||77||84||88||73||65||74||72||81||90||77||67||74||87||69||84||73||88||78||65||66||80|    )14, 15, 67, 85
110809117  |1.13||1.13||1.13||1.13||1.13||1.13||1.13||1.12||1.11||1.11||1.11||1.1||1.08||0.95|===|1.16||1.16||1.16||1.16||1.16||1.16||1.16||1.16||1.16||1.16||1.16||1.16||1.16||1.17||1.17|<===>|50||30||27||23||21||16||2||33||143||45||2||11||27||21|===|156||45||40||33||25||22||20||18||18||17||16||12||10||33||10|   |72||90||81||67||78||87||69||66||77||84||88||73||65||74||72||81||90||77||67||88||74||87||69||84||73||78||65||66||80|    )14, 15, 88, 68
110809117  |1.13||1.13||1.13||1.13||1.13||1.13||1.13||1.12||1.11||1.11||1.11||1.1||1.08||0.95|===|1.16||1.16||1.16||1.16||1.16||1.16||1.16||1.16||1.16||1.16||1.16||1.16||1.16||1.17||1.17|<===>|50||30||27||23||21||16||2||33||143||45||2||11||27||21|===|156||45||40||33||25||23||22||20||18||18||16||12||10||33||10|   |72||90||81||67||78||87||69||66||77||84||88||73||65||74||72||81||90||77||67||84||88||74||87||69||73||78||65||66||80|    )14, 15, 84, 68
110809133  |1.13||1.13||1.13||1.13||1.13||1.13||1.13||1.12||1.11||1.11||1.11||1.1||1.08||0.95|===|1.16||1.16||1.16||1.16||1.16||1.16||1.16||1.16||1.16||1.16||1.16||1.16||1.16||1.17||1.17|<===>|50||30||27||23||21||16||2||33||143||45||2||11||27||21|===|156||45||44||33||25||23||22||20||18||18||16||12||10||33||10|   |72||90||81||67||78||87||69||66||77||84||88||73||65||74||72||81||90||77||67||84||88||74||87||69||73||78||65||66||80|    )14, 15, 90, 68
110809171  |1.13||1.13||1.13||1.13||1.13||1.13||1.13||1.12||1.11||1.11||1.11||1.1||1.08||0.95|===|1.16||1.16||1.16||1.16||1.16||1.16||1.16||1.16||1.16||1.16||1.16||1.16||1.16||1.17||1.17|<===>|61||30||27||23||21||16||2||33||143||45||2||11||27||21|===|193||45||44||33||25||23||22||20||18||18||16||12||10||33||10|   |72||90||81||67||78||87||69||66||77||84||88||73||65||74||72||81||90||77||67||84||88||74||87||69||73||78||65||66||80|    )14, 15, 72, 85
110809200  |1.13||1.13||1.13||1.13||1.13||1.13||1.13||1.12||1.11||1.11||1.11||1.1||1.08||0.95|===|1.16||1.16||1.16||1.16||1.16||1.16||1.16||1.16||1.16||1.16||1.16||1.16||1.16||1.17||1.17|<===>|61||30||27||23||21||16||2||33||143||45||2||11||27||21|===|193||45||44||38||33||23||22||20||18||18||16||12||10||33||10|   |72||90||81||67||78||87||69||66||77||84||88||73||65||74||72||81||90||67||77||84||88||74||87||69||73||78||65||66||80|    )14, 15, 67, 68
110809283  |1.13||1.13||1.13||1.13||1.13||1.13||1.13||1.12||1.11||1.11||1.11||1.1||1.08||0.95|===|1.16||1.16||1.16||1.16||1.16||1.16||1.16||1.16||1.16||1.16||1.16||1.16||1.16||1.17||1.17|<===>|61||30||27||23||21||16||2||33||143||45||2||11||27||21|===|193||45||44||38||33||26||23||22||20||18||18||12||10||33||10|   |72||90||81||67||78||87||69||66||77||84||88||73||65||74||72||81||90||67||77||73||84||88||74||87||69||78||65||66||80|    )14, 15, 73, 68
110809285  |1.13||1.13||1.13||1.13||1.13||1.13||1.13||1.12||1.11||1.11||1.11||1.1||1.08||0.95|===|1.16||1.16||1.16||1.16||1.16||1.16||1.16||1.16||1.16||1.16||1.16||1.16||1.16||1.17||1.17|<===>|61||30||27||21||16||7||2||33||143||45||2||11||27||21|===|193||45||44||38||33||26||23||22||20||18||18||12||10||33||10|   |72||90||81||78||87||67||69||66||77||84||88||73||65||74||72||81||90||67||77||73||84||88||74||87||69||78||65||66||80|    )14, 15, 67, 17
110809348  |1.13||1.13||1.13||1.13||1.13||1.13||1.13||1.12||1.11||1.11||1.11||1.1||1.08||0.95|===|1.16||1.16||1.16||1.16||1.16||1.16||1.16||1.16||1.16||1.16||1.16||1.16||1.16||1.17||1.17|<===>|61||30||27||21||16||7||2||33||143||45||2||11||27||21|===|193||45||44||44||33||26||23||22||20||18||18||12||10||33||10|   |72||90||81||78||87||67||69||66||77||84||88||73||65||74||72||81||67||90||77||73||84||88||74||87||69||78||65||66||80|    )14, 15, 67, 68
110809378  |1.13||1.13||1.13||1.13||1.13||1.13||1.13||1.12||1.11||1.11||1.11||1.1||1.08||0.95|===|1.16||1.16||1.16||1.16||1.16||1.16||1.16||1.16||1.16||1.16||1.16||1.16||1.16||1.17||1.17|<===>|61||30||27||21||16||7||2||33||143||45||2||11||27||21|===|193||45||44||44||33||26||23||22||20||18||12||10||7||33||10|   |72||90||81||78||87||67||69||66||77||84||88||73||65||74||72||81||67||90||77||73||84||88||74||87||78||65||69||66||80|    )14, 15, 69, 68
110809379  |1.13||1.13||1.13||1.13||1.13||1.13||1.13||1.12||1.11||1.11||1.11||1.1||1.08||0.95|===|1.16||1.16||1.16||1.16||1.16||1.16||1.16||1.16||1.16||1.16||1.16||1.16||1.16||1.17||1.17|<===>|61||30||27||21||18||7||2||33||143||45||2||11||27||21|===|193||45||44||44||33||26||23||22||22||20||12||10||7||33||10|   |72||90||81||78||87||67||69||66||77||84||88||73||65||74||72||81||67||90||77||73||84||87||88||74||78||65||69||66||80|    )14, 15, 87, 85
110809445  |1.13||1.13||1.13||1.13||1.13||1.13||1.13||1.12||1.11||1.11||1.11||1.1||1.08||0.95|===|1.16||1.16||1.16||1.16||1.16||1.16||1.16||1.16||1.16||1.16||1.16||1.16||1.16||1.17||1.17|<===>|61||60||27||21||18||7||2||33||143||45||2||11||27||21|===|193||66||45||44||33||26||23||22||22||20||12||10||7||33||10|   |72||90||81||78||87||67||69||66||77||84||88||73||65||74||72||90||81||67||77||73||84||87||88||74||78||65||69||66||80|    )14, 15, 90, 85
110809454  |1.13||1.13||1.13||1.13||1.13||1.13||1.13||1.12||1.11||1.11||1.11||1.1||1.08||0.95|===|1.16||1.16||1.16||1.16||1.16||1.16||1.16||1.16||1.16||1.16||1.16||1.16||1.16||1.17||1.17|<===>|61||60||27||21||18||7||2||33||143||45||2||11||27||21|===|193||66||45||44||33||26||23||22||22||20||12||12||10||33||10|   |72||90||81||78||87||67||69||66||77||84||88||73||65||74||72||90||81||67||77||73||84||87||88||74||69||78||65||66||80|    )14, 15, 69, 68
110809465  |1.13||1.13||1.13||1.13||1.13||1.13||1.13||1.12||1.11||1.11||1.11||1.1||1.08||0.95|===|1.16||1.16||1.16||1.16||1.16||1.16||1.16||1.16||1.16||1.16||1.16||1.16||1.16||1.17||1.17|<===>|61||60||27||21||18||7||2||33||143||45||2||11||27||21|===|193||68||66||45||44||33||26||23||22||20||12||12||10||33||10|   |72||90||81||78||87||67||69||66||77||84||88||73||65||74||72||87||90||81||67||77||73||84||88||74||69||78||65||66||80|    )14, 15, 87, 68
110809551  |1.13||1.13||1.13||1.13||1.13||1.13||1.13||1.12||1.11||1.11||1.11||1.1||1.08||0.95|===|1.16||1.16||1.16||1.16||1.16||1.16||1.16||1.16||1.16||1.16||1.16||1.16||1.16||1.17||1.17|<===>|61||60||27||21||18||7||2||33||143||45||2||11||27||21|===|193||68||66||45||44||33||26||23||22||20||18||12||12||33||10|   |72||90||81||78||87||67||69||66||77||84||88||73||65||74||72||87||90||81||67||77||73||84||88||74||65||69||78||66||80|    )14, 15, 65, 68
110809560  |1.13||1.13||1.13||1.13||1.13||1.13||1.13||1.12||1.11||1.11||1.11||1.1||1.08||0.95|===|1.16||1.16||1.16||1.16||1.16||1.16||1.16||1.16||1.16||1.16||1.16||1.16||1.16||1.17||1.17|<===>|61||60||27||21||18||7||2||33||143||45||2||11||27||21|===|193||68||66||45||44||33||30||26||23||22||18||12||12||33||10|   |72||90||81||78||87||67||69||66||77||84||88||73||65||74||72||87||90||81||67||77||74||73||84||88||65||69||78||66||80|    )14, 15, 74, 68
110809802  |1.13||1.13||1.13||1.13||1.13||1.13||1.13||1.12||1.11||1.11||1.11||1.1||1.08||0.95|===|1.16||1.16||1.16||1.16||1.16||1.16||1.16||1.16||1.16||1.16||1.16||1.16||1.16||1.17||1.17|<===>|61||60||27||21||18||9||2||33||143||45||2||11||27||21|===|193||68||66||53||45||33||30||26||23||22||18||12||12||33||10|   |72||90||81||78||87||67||69||66||77||84||88||73||65||74||72||87||90||67||81||77||74||73||84||88||65||69||78||66||80|    )14, 15, 67, 85
110809967  |1.13||1.13||1.13||1.13||1.13||1.13||1.13||1.12||1.11||1.11||1.11||1.1||1.08||0.95|===|1.16||1.16||1.16||1.16||1.16||1.16||1.16||1.16||1.16||1.16||1.16||1.16||1.16||1.17||1.17|<===>|61||60||27||21||18||7||2||33||143||45||2||11||27||21|===|193||68||66||53||45||33||30||26||23||22||18||12||12||33||10|   |72||90||81||78||87||67||69||66||77||84||88||73||65||74||72||87||90||67||81||77||74||73||84||88||65||69||78||66||80|    )14, 15, 67, 17
110810311  |1.13||1.13||1.13||1.13||1.13||1.13||1.13||1.12||1.11||1.11||1.11||1.1||1.08||0.95|===|1.16||1.16||1.16||1.16||1.16||1.16||1.16||1.16||1.16||1.16||1.16||1.16||1.16||1.17||1.17|<===>|65||60||27||21||18||7||2||33||143||45||2||11||27||21|===|214||68||66||53||45||33||30||26||23||22||18||12||12||33||10|   |72||90||81||78||87||67||69||66||77||84||88||73||65||74||72||87||90||67||81||77||74||73||84||88||65||69||78||66||80|    )14, 15, 72, 85
110810448  |1.13||1.13||1.13||1.13||1.13||1.13||1.13||1.12||1.11||1.11||1.11||1.1||1.08||0.95|===|1.16||1.16||1.16||1.16||1.16||1.16||1.16||1.16||1.16||1.16||1.16||1.16||1.16||1.17||1.17|<===>|65||60||27||22||18||7||2||33||143||45||2||11||27||21|===|214||68||66||53||45||33||30||26||23||22||18||16||12||33||10|   |72||90||81||78||87||67||69||66||77||84||88||73||65||74||72||87||90||67||81||77||74||73||84||88||65||78||69||66||80|    )14, 15, 78, 85
110810753  |1.13||1.13||1.13||1.13||1.13||1.13||1.13||1.12||1.11||1.11||1.11||1.1||1.08||0.95|===|1.15||1.16||1.16||1.16||1.16||1.16||1.16||1.16||1.16||1.16||1.16||1.16||1.16||1.17||1.17|<===>|65||60||27||22||18||7||2||33||143||45||2||11||27||21|===|20||214||68||66||53||33||30||26||23||22||18||16||12||33||10|   |72||90||81||78||87||67||69||66||77||84||88||73||65||74||81||72||87||90||67||77||74||73||84||88||65||78||69||66||80|    )14, 15, 81, 204
110810753  |1.13||1.13||1.13||1.13||1.13||1.13||1.13||1.12||1.11||1.11||1.11||1.1||1.08||0.95|===|1.15||1.16||1.16||1.16||1.16||1.16||1.16||1.16||1.16||1.16||1.16||1.16||1.16||1.17||1.17|<===>|65||60||27||22||18||7||2||33||143||45||2||11||27||21|===|38||214||68||66||53||33||30||26||23||22||18||16||12||33||10|   |72||90||81||78||87||67||69||66||77||84||88||73||65||74||81||72||87||90||67||77||74||73||84||88||65||78||69||66||80|    )14, 15, 81, 68
110810753  |1.13||1.13||1.13||1.13||1.13||1.13||1.13||1.12||1.11||1.11||1.11||1.1||1.08||0.95|===|1.15||1.16||1.16||1.16||1.16||1.16||1.16||1.16||1.16||1.16||1.16||1.16||1.16||1.17||1.17|<===>|65||60||27||22||18||7||2||33||143||45||2||11||27||21|===|38||214||68||53||44||33||30||26||23||22||18||16||12||33||10|   |72||90||81||78||87||67||69||66||77||84||88||73||65||74||81||72||87||67||90||77||74||73||84||88||65||78||69||66||80|    )14, 15, 90, 4
110810754  |1.13||1.13||1.13||1.13||1.13||1.13||1.13||1.12||1.11||1.11||1.11||1.1||1.08||0.95|===|1.15||1.16||1.16||1.16||1.16||1.16||1.16||1.16||1.16||1.16||1.16||1.16||1.16||1.17||1.17|<===>|65||60||27||18||12||7||2||33||143||45||2||11||27||21|===|38||214||68||53||44||33||30||26||23||22||18||16||12||33||10|   |72||90||81||87||78||67||69||66||77||84||88||73||65||74||81||72||87||67||90||77||74||73||84||88||65||78||69||66||80|    )14, 15, 78, 17
110810754  |1.13||1.13||1.13||1.13||1.13||1.13||1.13||1.12||1.11||1.11||1.11||1.1||1.08||0.95|===|1.15||1.16||1.16||1.16||1.16||1.16||1.16||1.16||1.16||1.16||1.16||1.16||1.16||1.17||1.17|<===>|60||55||27||18||12||7||2||33||143||45||2||11||27||21|===|38||214||68||53||44||33||30||26||23||22||18||16||12||33||10|   |90||72||81||87||78||67||69||66||77||84||88||73||65||74||81||72||87||67||90||77||74||73||84||88||65||78||69||66||80|    )14, 15, 72, 17
110810755  |1.13||1.13||1.13||1.13||1.13||1.13||1.13||1.12||1.11||1.11||1.11||1.1||1.08||0.95|===|1.15||1.16||1.16||1.16||1.16||1.16||1.16||1.16||1.16||1.16||1.16||1.16||1.16||1.17||1.17|<===>|60||55||27||12||7||2||2||33||143||45||2||11||27||21|===|38||214||68||53||44||33||30||26||23||22||18||16||12||33||10|   |90||72||81||78||67||87||69||66||77||84||88||73||65||74||81||72||87||67||90||77||74||73||84||88||65||78||69||66||80|    )14, 15, 87, 17
110810755  |1.13||1.13||1.13||1.13||1.13||1.13||1.12||1.11||1.11||1.11||1.11||1.1||1.08||0.95|===|1.15||1.16||1.16||1.16||1.16||1.16||1.16||1.16||1.16||1.16||1.16||1.16||1.16||1.17||1.17|<===>|60||55||27||12||7||2||33||143||45||21||2||11||27||21|===|38||214||68||53||44||33||30||26||23||22||18||16||12||33||10|   |90||72||81||78||67||87||66||77||84||69||88||73||65||74||81||72||87||67||90||77||74||73||84||88||65||78||69||66||80|    )14, 15, 69, 19
110810755  |1.13||1.13||1.13||1.13||1.13||1.13||1.12||1.11||1.11||1.11||1.11||1.1||1.08||0.95|===|1.15||1.16||1.16||1.16||1.16||1.16||1.16||1.16||1.16||1.16||1.16||1.16||1.16||1.17||1.17|<===>|60||55||27||12||7||2||33||143||45||23||2||11||27||21|===|38||214||68||53||44||33||30||26||23||22||18||16||12||33||10|   |90||72||81||78||67||87||66||77||84||69||88||73||65||74||81||72||87||67||90||77||74||73||84||88||65||78||69||66||80|    )14, 15, 69, 1
110810756  |1.13||1.13||1.13||1.13||1.13||1.13||1.12||1.11||1.11||1.11||1.11||1.09||1.08||0.95|===|1.15||1.16||1.16||1.16||1.16||1.16||1.16||1.16||1.16||1.16||1.16||1.16||1.16||1.17||1.17|<===>|60||55||27||12||7||2||33||143||45||23||2||11||27||21|===|38||214||68||53||44||33||30||26||23||22||18||16||12||33||10|   |90||72||81||78||67||87||66||77||84||69||88||73||65||74||81||72||87||67||90||77||74||73||84||88||65||78||69||66||80|    )14, 15, 73, 2
110810757  |1.13||1.13||1.13||1.13||1.13||1.13||1.12||1.11||1.11||1.11||1.11||1.09||1.08||0.95|===|1.15||1.15||1.16||1.16||1.16||1.16||1.16||1.16||1.16||1.16||1.16||1.16||1.16||1.17||1.17|<===>|60||55||27||12||7||2||33||143||45||23||2||11||27||21|===|38||30||214||68||53||33||30||26||23||22||18||16||12||33||10|   |90||72||81||78||67||87||66||77||84||69||88||73||65||74||81||90||72||87||67||77||74||73||84||88||65||78||69||66||80|    )14, 15, 90, 76
110810758  |1.13||1.13||1.13||1.13||1.13||1.13||1.12||1.11||1.11||1.11||1.11||1.09||1.08||0.95|===|1.15||1.15||1.15||1.16||1.16||1.16||1.16||1.16||1.16||1.16||1.16||1.16||1.16||1.17||1.17|<===>|60||55||27||12||7||2||33||143||45||23||2||11||27||21|===|38||30||1||214||68||53||33||30||26||23||22||18||12||33||10|   |90||72||81||78||67||87||66||77||84||69||88||73||65||74||81||90||78||72||87||67||77||74||73||84||88||65||69||66||80|    )14, 15, 78, 76
110810758  |1.13||1.13||1.13||1.13||1.13||1.13||1.12||1.11||1.11||1.11||1.11||1.09||1.08||0.95|===|1.15||1.15||1.15||1.15||1.16||1.16||1.16||1.16||1.16||1.16||1.16||1.16||1.16||1.17||1.17|<===>|60||55||27||12||7||2||33||143||45||23||2||11||27||21|===|38||30||7||1||214||68||53||33||30||26||23||22||12||33||10|   |90||72||81||78||67||87||66||77||84||69||88||73||65||74||81||90||65||78||72||87||67||77||74||73||84||88||69||66||80|    )14, 15, 65, 76
110810758  |1.13||1.13||1.13||1.13||1.13||1.13||1.12||1.11||1.11||1.11||1.11||1.09||1.08||0.95|===|1.15||1.15||1.15||1.15||1.16||1.16||1.16||1.16||1.16||1.16||1.16||1.16||1.16||1.17||1.17|<===>|60||55||27||12||7||2||33||143||45||23||2||11||27||21|===|38||30||12||7||214||68||53||33||30||26||23||22||12||33||10|   |90||72||81||78||67||87||66||77||84||69||88||73||65||74||81||90||78||65||72||87||67||77||74||73||84||88||69||66||80|    )14, 15, 78, 68
110810758  |1.13||1.13||1.13||1.13||1.13||1.13||1.12||1.11||1.11||1.11||1.11||1.09||1.08||0.95|===|1.15||1.15||1.15||1.15||1.16||1.16||1.16||1.16||1.16||1.16||1.16||1.16||1.16||1.17||1.17|<===>|60||55||27||12||7||2||33||143||45||23||2||11||27||21|===|38||30||12||7||214||68||61||33||30||26||23||22||12||33||10|   |90||72||81||78||67||87||66||77||84||69||88||73||65||74||81||90||78||65||72||87||67||77||74||73||84||88||69||66||80|    )14, 15, 67, 4
110810762  |1.13||1.13||1.13||1.13||1.13||1.13||1.12||1.11||1.11||1.11||1.11||1.09||1.08||0.95|===|1.15||1.15||1.15||1.15||1.16||1.16||1.16||1.16||1.16||1.16||1.16||1.16||1.16||1.17||1.17|<===>|60||55||27||12||7||2||33||143||45||23||2||11||27||21|===|38||30||12||7||141||68||61||33||30||26||23||22||12||33||10|   |90||72||81||78||67||87||66||77||84||69||88||73||65||74||81||90||78||65||72||87||67||77||74||73||84||88||69||66||80|    )14, 15, 72, 4
110810764  |1.13||1.13||1.13||1.13||1.13||1.13||1.13||1.12||1.11||1.11||1.11||1.11||1.09||0.95|===|1.15||1.15||1.15||1.15||1.16||1.16||1.16||1.16||1.16||1.16||1.16||1.16||1.16||1.17||1.17|<===>|60||55||27||12||7||7||2||33||143||45||23||2||11||21|===|38||30||12||7||141||68||61||33||30||26||23||22||12||33||10|   |90||72||81||78||65||67||87||66||77||84||69||88||73||74||81||90||78||65||72||87||67||77||74||73||84||88||69||66||80|    )14, 15, 65, 19
110810782  |1.13||1.13||1.13||1.13||1.13||1.13||1.12||1.11||1.11||1.11||1.11||1.09||1.07||0.95|===|1.15||1.15||1.15||1.15||1.16||1.16||1.16||1.16||1.16||1.16||1.16||1.16||1.16||1.17||1.17|<===>|60||55||27||12||7||7||33||143||45||23||2||11||203||21|===|38||30||12||7||141||62||61||33||30||26||23||22||12||33||10|   |90||72||81||78||65||67||66||77||84||69||88||73||87||74||81||90||78||65||72||87||67||77||74||73||84||88||69||66||80|    )14, 15, 87, 23
110810792  |1.13||1.13||1.13||1.13||1.13||1.13||1.12||1.11||1.11||1.11||1.11||1.09||1.07||0.95|===|1.15||1.15||1.15||1.15||1.15||1.16||1.16||1.16||1.16||1.16||1.16||1.16||1.16||1.17||1.17|<===>|71||60||27||12||7||7||33||143||45||23||2||11||203||21|===|38||30||16||12||7||62||61||33||30||26||23||22||12||33||10|   |72||90||81||78||65||67||66||77||84||69||88||73||87||74||81||90||72||78||65||87||67||77||74||73||84||88||69||66||80|    )14, 15, 72, 93
110810792  |1.13||1.13||1.13||1.13||1.13||1.13||1.12||1.11||1.11||1.11||1.11||1.09||1.07||0.95|===|1.15||1.15||1.15||1.15||1.15||1.16||1.16||1.16||1.16||1.16||1.16||1.16||1.16||1.17||1.17|<===>|60||60||27||12||7||7||33||143||45||23||2||11||203||21|===|38||31||30||12||7||62||61||33||30||26||23||22||12||33||10|   |72||90||81||78||65||67||66||77||84||69||88||73||87||74||81||72||90||78||65||87||67||77||74||73||84||88||69||66||80|    )14, 15, 72, 85
110810794  |1.13||1.13||1.13||1.13||1.13||1.13||1.13||1.12||1.11||1.11||1.11||1.11||1.09||0.95|===|1.15||1.15||1.15||1.15||1.15||1.15||1.16||1.16||1.16||1.16||1.16||1.16||1.16||1.17||1.17|<===>|60||60||27||12||10||7||7||33||143||45||23||2||11||21|===|38||31||30||16||12||7||61||33||30||26||23||22||12||33||10|   |72||90||81||78||87||65||67||66||77||84||69||88||73||74||81||72||90||87||78||65||67||77||74||73||84||88||69||66||80|    )14, 15, 87, 95
110810796  |1.13||1.13||1.13||1.13||1.13||1.13||1.13||1.12||1.11||1.11||1.11||1.11||1.09||0.95|===|1.15||1.15||1.15||1.15||1.15||1.15||1.16||1.16||1.16||1.16||1.16||1.16||1.16||1.17||1.17|<===>|60||60||27||12||10||7||7||33||143||45||23||2||11||21|===|38||31||30||16||12||7||61||33||30||26||23||12||6||33||10|   |72||90||81||78||87||65||67||66||77||84||69||88||73||74||81||72||90||87||78||65||67||77||74||73||84||69||88||66||80|    )14, 15, 88, 4
110810804  |1.13||1.13||1.13||1.13||1.13||1.13||1.13||1.12||1.11||1.11||1.11||1.11||1.09||0.95|===|1.15||1.15||1.15||1.15||1.15||1.15||1.16||1.16||1.16||1.16||1.16||1.16||1.16||1.17||1.17|<===>|60||60||27||12||10||7||7||33||143||45||23||2||11||21|===|38||31||30||16||12||7||61||30||26||23||23||12||6||33||10|   |72||90||81||78||87||65||67||66||77||84||69||88||73||74||81||72||90||87||78||65||67||74||73||77||84||69||88||66||80|    )14, 15, 77, 4
110810804  |1.13||1.13||1.13||1.13||1.13||1.13||1.13||1.12||1.11||1.11||1.11||1.11||1.09||0.95|===|1.15||1.15||1.15||1.15||1.15||1.15||1.16||1.16||1.16||1.16||1.16||1.16||1.16||1.17||1.17|<===>|60||60||27||12||10||7||7||33||143||45||23||2||11||21|===|38||31||30||16||12||7||61||30||26||23||23||7||6||33||10|   |72||90||81||78||87||65||67||66||77||84||69||88||73||74||81||72||90||87||78||65||67||74||73||77||84||69||88||66||80|    )14, 15, 69, 4
110810806  |1.13||1.13||1.13||1.13||1.13||1.13||1.12||1.11||1.11||1.11||1.11||1.1||1.09||0.95|===|1.15||1.15||1.15||1.15||1.15||1.15||1.16||1.16||1.16||1.16||1.16||1.16||1.16||1.17||1.17|<===>|60||60||27||12||10||7||33||143||45||23||2||39||11||21|===|38||31||30||16||12||7||76||30||26||23||23||7||6||33||10|   |72||90||81||78||87||65||66||77||84||69||88||67||73||74||81||72||90||87||78||65||67||74||73||77||84||69||88||66||80|    )14, 15, 67, 23
110810807  |1.13||1.13||1.13||1.13||1.13||1.13||1.12||1.11||1.11||1.11||1.11||1.1||1.09||0.95|===|1.15||1.15||1.15||1.15||1.15||1.15||1.16||1.16||1.16||1.16||1.16||1.16||1.16||1.17||1.17|<===>|60||60||27||12||10||7||33||143||45||23||2||39||11||21|===|38||31||30||16||12||7||76||30||23||23||10||7||6||33||10|   |72||90||81||78||87||65||66||77||84||69||88||67||73||74||81||72||90||87||78||65||67||74||77||84||73||69||88||66||80|    )14, 15, 73, 4
110810807  |1.13||1.13||1.13||1.13||1.13||1.13||1.12||1.11||1.11||1.11||1.11||1.1||1.09||0.95|===|1.15||1.15||1.15||1.15||1.15||1.15||1.16||1.16||1.16||1.16||1.16||1.16||1.16||1.17||1.17|<===>|60||60||27||12||10||7||33||143||45||23||2||39||11||21|===|38||31||30||16||12||7||76||30||23||10||9||7||6||33||10|   |72||90||81||78||87||65||66||77||84||69||88||67||73||74||81||72||90||87||78||65||67||74||77||73||84||69||88||66||80|    )14, 15, 84, 4
110810808  |1.13||1.13||1.13||1.13||1.13||1.13||1.12||1.11||1.11||1.11||1.11||1.1||1.09||0.95|===|1.15||1.15||1.15||1.15||1.15||1.15||1.16||1.16||1.16||1.16||1.16||1.16||1.16||1.17||1.17|<===>|60||60||27||12||10||7||33||143||45||23||2||39||11||21|===|38||31||30||16||12||7||76||23||20||10||9||7||6||33||10|   |72||90||81||78||87||65||66||77||84||69||88||67||73||74||81||72||90||87||78||65||67||77||74||73||84||69||88||66||80|    )14, 15, 74, 4
110810858  |1.13||1.13||1.13||1.13||1.13||1.13||1.12||1.11||1.11||1.11||1.11||1.11||1.09||0.95|===|1.15||1.15||1.15||1.15||1.15||1.15||1.16||1.16||1.16||1.16||1.16||1.16||1.16||1.17||1.17|<===>|60||60||27||12||10||7||33||143||45||23||2||2||11||21|===|38||31||30||16||12||7||76||23||20||10||9||7||6||33||10|   |72||90||81||78||87||65||66||77||84||69||67||88||73||74||81||72||90||87||78||65||67||77||74||73||84||69||88||66||80|    )14, 15, 67, 3
110810860  |1.13||1.13||1.13||1.13||1.13||1.13||1.12||1.11||1.11||1.11||1.11||1.11||1.09||0.95|===|1.15||1.15||1.15||1.15||1.15||1.15||1.16||1.16||1.16||1.16||1.16||1.16||1.17||1.17||1.21|<===>|60||60||27||12||10||7||33||143||45||23||2||2||11||21|===|38||31||30||16||12||7||76||23||20||9||7||6||33||10||22|   |72||90||81||78||87||65||66||77||84||69||67||88||73||74||81||72||90||87||78||65||67||77||74||84||69||88||66||80||73|    )14, 15, 73, 12
110810861  |1.13||1.13||1.13||1.13||1.13||1.13||1.12||1.11||1.11||1.11||1.11||1.11||1.09||0.95|===|1.15||1.15||1.15||1.15||1.15||1.15||1.16||1.16||1.16||1.16||1.16||1.16||1.17||1.17||1.21|<===>|60||60||27||12||10||7||33||143||45||23||2||2||11||21|===|40||38||31||30||12||7||76||23||20||9||7||6||33||10||22|   |72||90||81||78||87||65||66||77||84||69||67||88||73||74||87||81||72||90||78||65||67||77||74||84||69||88||66||80||73|    )14, 15, 87, 68
110810881  |1.13||1.13||1.13||1.13||1.13||1.13||1.12||1.11||1.11||1.11||1.11||1.11||1.09||0.95|===|1.15||1.15||1.15||1.15||1.15||1.15||1.16||1.16||1.16||1.16||1.16||1.16||1.17||1.17||1.21|<===>|60||60||27||12||10||7||33||143||45||23||2||2||11||21|===|40||38||34||31||12||7||76||23||20||9||7||6||33||10||22|   |90||72||81||78||87||65||66||77||84||69||67||88||73||74||87||81||90||72||78||65||67||77||74||84||69||88||66||80||73|    )14, 15, 90, 68
110810902  |1.13||1.13||1.13||1.13||1.13||1.13||1.12||1.11||1.11||1.11||1.11||1.11||1.09||0.95|===|1.15||1.15||1.15||1.15||1.15||1.15||1.16||1.16||1.16||1.16||1.16||1.16||1.17||1.17||1.21|<===>|60||60||27||12||10||7||33||143||45||23||2||2||11||21|===|40||34||31||18||12||7||76||23||20||9||7||6||33||10||22|   |90||72||81||78||87||65||66||77||84||69||67||88||73||74||87||90||72||81||78||65||67||77||74||84||69||88||66||80||73|    )14, 15, 81, 68
110810907  |1.13||1.13||1.13||1.13||1.13||1.13||1.12||1.11||1.11||1.11||1.11||1.11||1.09||0.95|===|1.15||1.15||1.15||1.15||1.15||1.16||1.16||1.16||1.16||1.16||1.16||1.17||1.17||1.2||1.21|<===>|60||60||27||12||10||7||33||143||45||23||2||2||11||21|===|40||34||31||18||12||76||23||20||9||7||6||33||10||27||22|   |90||72||81||78||87||65||66||77||84||69||67||88||73||74||87||90||72||81||78||67||77||74||84||